7.940188683259730169e+03
4.428809167205026824e+02
5.497548536191311541e+03
4.273994524871094654e+03
6.447189042859159599e+03
4.029336989372717198e+03
6.414473764983553338e+03
8.240961721393388871e+03
1.707827438109240347e+03
2.800135317995826881e+03
3.466298967603923302e+03
4.141051390663552411e+03
7.322455805299101485e+03
8.721859882401022332e+03
8.411966687312191425e+03
1.842725296388513925e+03
4.095565264240436136e+03
7.105433212576268488e+03
2.305835385615465611e+02
2.950602180724106347e+03
6.522431412533135699e+03
2.937610766152271935e+03
7.552013655343736900e+03
5.017247063286576122e+03
7.520878508049119773e+03
7.499135854600979656e+03
5.590772953598595450e+03
2.123232257957477032e+03
4.187397624830903624e+03
7.272670969659735420e+03
2.242733552486981807e+03
8.884356920284059015e+03
4.256435731842213386e+02
9.977484972889433266e+03
8.321358065084010377e+03
3.488539321639749232e+03
6.475188145480873573e+03
1.066916900727579360e+02
8.914036314326054708e+03
3.304850985376576318e+03
8.756037704282860432e+03
5.588728330832163010e+03
6.150935375642465260e+03
3.471843311223134606e+03
3.819750227261165492e+03
5.835977906659474684e+03
4.561536639936329266e+03
5.327677094769345786e+03
5.409023581848217873e+03
8.084132977047001987e+03
2.386152034031863423e+03
2.262179910648852456e+03
2.177499195016229805e+03
7.919910361898402698e+03
7.377449223475386134e+03
4.612157556947910052e+03
3.665542654417798076e+03
5.290229144201605777e+03
1.105527041469961659e+03
7.140299722487334293e+03
6.173065838259811244e+03
9.836364949024535235e+03
1.609955002453565157e+03
5.775087797481929556e+03
3.878720707390397138e+02
3.323791664425605632e+03
3.134877379550234764e+03
1.571118858964532137e+03
5.604475398281587331e+03
7.529185251879027419e+03
3.462658845256577933e+03
2.188812641197434914e+03
2.493818734864833004e+03
5.989296669621548062e+03
3.375525363056635797e+03
9.512465548892640072e+03
4.919455106200125556e+03
3.940005921949778894e+03
6.915585876110878417e+03
3.803625152807297127e+03
8.869055799629395551e+03
1.437283525174786064e+03
3.355331962423503683e+03
3.939389963491197477e+02
4.959414459981928303e+03
9.747148593399877427e+03
1.707425095543356292e+03
2.432738759187435335e+03
6.120873345162723126e+03
1.550064075388358788e+03
7.077912303978524506e+03
9.305624782693306770e+03
5.439910266172988486e+03
4.125587981463006031e+02
2.919739717371224401e+02
1.940964698773612554e+03
4.907490077618671421e+03
2.467276213161716896e+03
4.682180268537201300e+03
4.959052922861345905e+03
7.173602850734288950e+03
9.691445801913168907e+03
4.227746580635565806e+03
6.371951118350237266e+03
3.146468523746173673e+02
4.944268116758830729e+03
5.754055490972537882e+03
7.409650729103317644e+03
6.765154369947907071e+03
5.598911830767571701e+03
5.587605388563311863e+03
8.153145479722071286e+03
6.184698894278371881e+03
7.306462534281296939e+03
5.433082204616139279e+03
4.058517247717643841e+03
8.829424440118322309e+03
9.188714103755899032e+02
5.208233456670066516e+03
6.048788661968169436e+03
6.891705953178827258e+03
7.205591316077096735e+02
7.509970921643064230e+02
1.596981822868653808e+03
6.922871383240915748e+03
5.014752760705065157e+03
2.782034947607598042e+03
3.355428028556566005e+03
9.675086349286091263e+02
8.618574320458228613e+03
9.221932128876059096e+02
1.056863831012356741e+03
6.827077132647446888e+03
9.421895440385266056e+02
1.680382802603373023e+02
4.207571851508055261e+03
4.790927154716303448e+03
6.729286705469823573e+03
2.869347898797949711e+03
1.018413026852169082e+03
1.860778687422518715e+03
9.385385438516759677e+03
9.961592252579757769e+03
7.381830610612225428e+03
2.302485213208377957e+02
4.485264581773060854e+03
5.379173395236018223e+03
4.541479362734421557e+03
2.490900266917624776e+03
9.331874756319037260e+03
6.457109057019018110e+03
5.230928382594552204e+03
4.667501153269002430e+02
8.999781070513621671e+03
7.592642238772159544e+03
6.839722319283067009e+03
3.208325181866458024e+03
7.443494515588554350e+02
8.706861443853689707e+03
1.491576386091448967e+02
3.495944651550539675e+02
2.944525504082012901e+01
2.330290932723969945e+03
3.294411455114431647e+03
7.097621622585830664e+03
8.905703530910144764e+03
3.001499387262361324e+03
4.142733144390825828e+02
8.346929301333200783e+03
3.510231105835055587e+03
4.492515346886511907e+02
7.952414269193412110e+03
7.326211494761508220e+03
5.008563434684728236e+03
5.769413262916783424e+03
8.331546857464949426e+03
5.539858761734877817e+02
3.945716443755290470e+02
2.534023338793669609e+03
3.141734380146354397e+03
8.965334472919013933e+03
7.235855810218942679e+03
9.618481477407976854e+03
2.567078142552732515e+03
4.654959404208556407e+03
4.500444635493817259e+03
2.237544666973697986e+03
5.254364160789491507e+03
4.836654499362823003e+02
8.030863550986049631e+03
2.757284783804770541e+03
5.051194101087726835e+02
6.576730116451750291e+03
3.739507552614439874e+02
3.009461650938698313e+03
7.308685142943460050e+03
8.527717476074300066e+03
4.985758326799946190e+03
2.226195651713624102e+03
5.105549967786711932e+03
3.113301476123503562e+03
5.491917407846870447e+03
4.434124190147808804e+03
5.843048013962445111e+03
3.170311752115406307e+03
9.627965251378584071e+03
8.497122851654688930e+03
7.428621551787444332e+03
4.198093510482774946e+03
2.800426619733602820e+03
1.183137818686047012e+03
5.652194903707511003e+03
4.808237377714164722e+03
2.510901934603130485e+03
8.311993862306226220e+03
2.573867916508702933e+02
3.162365225019935224e+03
2.782079801471211340e+03
2.021168794349334348e+03
5.641668984183553221e+03
6.885428856975006966e+03
1.184822985803173879e+03
1.370730200860970626e+03
8.140186698273235379e+03
6.708656189091688248e+03
9.713299869107484483e+03
8.857367535240489815e+03
4.058223214373630867e+02
4.831268301605274246e+03
5.864414922397526425e+03
2.454193056411430007e+03
6.181250325425626215e+03
7.010483527465181396e+03
8.231519981387747976e+03
5.107164870883149888e+03
2.840815603682479377e+03
4.139629726879948976e+03
3.839147910663983112e+03
4.672969926831975499e+03
7.427679448548903565e+03
8.548439008380746600e+03
7.737791378144770533e+03
8.155296694411269527e+03
2.665587595389644321e+03
6.062633623300706859e+03
3.705190765858116720e+03
6.348420461623522897e+03
5.969277411649492933e+03
6.755847222983878055e+03
5.182860752052330099e+03
8.409073299912564835e+03
2.024941703168117783e+03
5.003568452623342637e+03
2.242786239758477222e+03
8.210288392648284571e+03
7.025122492112608597e+03
2.700787578965178454e+03
2.951571050952878068e+03
7.586842544776727664e+02
4.863254423973446137e+03
8.389418134164288858e+03
6.365459976139014543e+03
5.002682285816306830e+03
6.970814531080410234e+03
9.154223814766139185e+03
6.395115975005601285e+03
5.250181796335631361e+02
8.229606649236980957e+03
2.359478915624212277e+03
8.067962591743125813e+03
1.345937254898891069e+03
9.197562784466919766e+03
6.056454886551944128e+02
4.459770435740036191e+03
8.811408566409114428e+03
5.714826437640047516e+03
7.654372003788041184e+03
4.972543480945336114e+02
2.854164171572126634e+02
9.559299808698541483e+02
3.533895907954215545e+03
6.478274487580822552e+02
4.294065923449137699e+03
3.511319169968141523e+03
3.235279299417718448e+03
1.535501667286233896e+03
1.967907700741451436e+03
8.235901221810643619e+03
2.542345848550085520e+03
3.350992974384456375e+03
8.326689794263671502e+03
3.200338193785757085e+03
5.843468932860274435e+03
7.342899874298270333e+03
5.835705278411873223e+03
6.692892603104957743e+03
8.230466269306800314e+03
1.868648300831588585e+03
9.380968683399651127e+03
5.906958371359127341e+03
5.685408414790669667e+03
1.270343236743898387e+03
3.026666840228027922e+03
9.122392970912838791e+03
9.175406141643310548e+03
9.143368809250231379e+02
2.746953759051095858e+02
1.252071167058969195e+03
9.224131165526496261e+03
1.819118373348863997e+03
3.720077517948708646e+03
3.108360017780601083e+03
4.124924095385375949e+03
5.653085720641204716e+03
3.872260413477515158e+03
6.533475633223631121e+03
4.894094347347239022e+02
1.903186538294130969e+03
4.601315541410635888e+03
6.993965118938987871e+03
2.932964387748969784e+03
8.213845688015264386e+03
7.178546786460515250e+03
3.493126232902145148e+03
9.892252440921387461e+03
3.493100973732678085e+02
2.515098008101615505e+03
3.582653440973560919e+03
8.612683643058177040e+03
8.836180761794228602e+03
3.181137100058685974e+03
7.274898166120241285e+02
6.849889453030185905e+03
2.392109168975349803e+03
2.385138136093522917e+03
8.266447950480751388e+03
9.115886499684738737e+03
4.187014526316877891e+03
1.607717509425081971e+03
3.745761540287214302e+03
6.988214485729697117e+03
7.425516731298493141e+03
4.240315501701426911e+03
6.239856303042138279e+03
1.865140168525556646e+03
1.708700175301135687e+03
1.431224545113376053e+03
3.202979584010882718e+03
5.900424056036158618e+03
2.340339286825016814e+02
8.859419317961392153e+02
8.462281459048481338e+03
8.074706135797333445e+03
5.840877150863287170e+03
2.211341878278615241e+03
5.462581063066035313e+03
4.411839462256606566e+03
2.083523181314064630e+02
8.377250545524932022e+03
6.497593931674939540e+02
9.960531169312504062e+03
7.640025022645364743e+02
8.542869129491607964e+03
6.123658587772742976e+03
2.084202987203983412e+03
2.728876616879479570e+03
5.117307626001341305e+03
8.743489585021519815e+03
4.145791106547912932e+03
9.495830250491830157e+03
8.934116341010827455e+03
1.284182752030252459e+03
6.078693142688597618e+03
5.331290680483288270e+03
2.772961323602186440e+03
5.757147778260592531e+03
4.617639813797848092e+02
5.945179561966608162e+03
7.809351101572355219e+03
4.297063420024261177e+03
8.797725280487065902e+03
9.676484168284958287e+03
5.936575869768578286e+02
9.098592534797884582e+03
1.906628499812515656e+03
5.028565669345214701e+03
5.239833118597648536e+03
8.100702870496392279e+03
1.884654392876088195e+03
4.690033918531580639e+03
2.919398253451448909e+03
4.176936608034849087e+03
4.166704407574098695e+03
5.718756094470286371e+03
6.259890869153737185e+03
9.446512337819998493e+02
3.809758180313561752e+03
1.653647166553377701e+03
5.152218619791266974e+03
9.809791652674162833e+03
2.800416718867503732e+03
8.431574479482542301e+02
8.476506239500571610e+03
8.415435562845053937e+03
4.820558172873028525e+03
9.905256269835434068e+03
4.308475644052234202e+03
4.659356119245014270e+03
1.956610578078918934e+03
7.238441204240455590e+03
3.312274044874712217e+03
8.509641334885786819e+02
3.435291148912891458e+03
6.757969960756959154e+03
1.428348904788407481e+03
4.633982650788421779e+03
7.570252108177393893e+03
5.428285340165514754e+03
5.415973552137259503e+03
8.044381147707848868e+03
5.427886138778301756e+03
3.632391405615102485e+03
6.452758775633174992e+03
2.547533840864179240e+02
1.618116030222928430e+02
5.767610996381685254e+03
9.185166316632332382e+03
5.051025135866431810e+03
2.625334956887668795e+03
2.672508657641870286e+03
8.795043808076163259e+03
3.003060143691481244e+03
6.665995093910110882e+03
3.400600051008124865e+03
7.924893004076494435e+03
9.772545145817479352e+03
1.454296685961207231e+03
9.497963851691558375e+03
7.878071923433094526e+03
2.642806941066743548e+03
9.030954028305897737e+03
7.080243054612821652e+03
1.907808687026330517e+03
7.473847637427516929e+03
9.261116429756126308e+03
3.465799364916475042e+03
7.768806271662009522e+02
9.973749831329339941e+03
1.600102707697132701e+03
1.454093281275839672e+03
8.238027364989251510e+03
3.977023565334871364e+03
5.051988580722324514e+03
2.644196944079878449e+03
6.871127526452480197e+03
9.305297650768119638e+03
9.272203023057998507e+03
4.514343880257577439e+03
7.971267809113739986e+02
3.157320479058100204e+02
9.815804946795780097e+02
5.925892909416401380e+03
9.681865449230246668e+03
6.626073566743574474e+02
2.591934331587151064e+03
3.176365315143959378e+03
3.754488294718530142e+03
6.805903468249803154e+03
4.447294667696421129e+03
3.182040140977164810e+03
1.957237474462984437e+03
9.274502772697551336e+02
2.345265528489645135e+02
2.744092954547498266e+03
5.207062826951839270e+03
8.549171043080175878e+03
1.630840122418485635e+03
8.425106413170144151e+03
2.351761504699459238e+03
1.966710336941660898e+03
6.564970475024145344e+03
8.879400638876579251e+03
7.449543175390551824e+02
4.298016590678989814e+03
9.380852508513497696e+02
8.213154941830533062e+03
6.952969206315230622e+03
5.266156277151579161e+03
5.677164834384123424e+03
9.741552976037381086e+03
1.572481062114430642e+03
7.944044869185810057e+03
4.571979131467988736e+03
6.580500417758900767e+03
3.155415192225023588e+02
3.355639420279516798e+03
6.967275095657948441e+03
4.021351633299616424e+03
1.514219555524336556e+03
9.491058221906341714e+03
8.096775728358931701e+03
4.081617831233942979e+03
6.381039930967817781e+03
4.134364071347291429e+03
3.325452830229598021e+03
7.840548268865953105e+03
5.876866176489232203e+03
7.670328586560101030e+03
3.370569671836216799e+02
7.611706369604022257e+03
3.741621636174402283e+03
1.760603923566917956e+03
3.475045895968409241e+03
7.809407559691635470e+02
6.971547658461551691e+03
4.343705498001346314e+03
7.940378639035844571e+03
9.924513904698862461e+03
9.784312552260940720e+03
5.513724166474227786e+03
8.710335998742588345e+03
8.271890763625171530e+03
6.117053723969201201e+03
7.747558833881521423e+03
9.780005138062657352e+03
4.108586125042598383e+02
5.416604051447308848e+03
4.167693194679109183e+03
4.908905447442087279e+03
2.301934746148241629e+03
4.412039098082213059e+03
3.979249885203389113e+03
3.199203400602248166e+03
9.543578862328817195e+03
7.763844279991672011e+03
1.808528972071210092e+03
4.592689798032183717e+03
8.202070374673554397e+03
7.785873929016833245e+03
1.286117610335674499e+03
2.116087941927792144e+03
5.788319512174872216e+03
8.466604492799269792e+03
5.676712643049783765e+03
8.290925492703137934e+03
9.706851600939773562e+03
1.879191179505443870e+03
1.084459137070377210e+03
1.659828697862317767e+03
9.083429853059777088e+03
6.487326456356680865e+03
6.814468347726479806e+03
3.167855133149137146e+03
2.237412181008148764e+02
6.125811144232699007e+03
8.603304318815957231e+03
6.522275187041659592e+02
6.460000674346893902e+03
5.182890009713245490e+03
1.167589662839552602e+03
3.398779027101813426e+03
5.368777476459534910e+02
4.405308791759454834e+03
3.040433338555302498e+02
9.784012170323727332e+03
7.276288935111247156e+03
2.074596085602006497e+02
5.995368265699754375e+03
9.151516646283580485e+03
4.449091061642364366e+03
6.711471156106402304e+03
4.153231507922687342e+03
7.715010598364946418e+03
5.528432666223473007e+02
4.520470882459337190e+03
3.060271953393353670e+03
8.504493972505451893e+03
7.639832143537577394e+03
1.327002875527491142e+03
8.762590244605794396e+02
1.946753164409303963e+03
9.584469454561980456e+03
4.993869461745885019e+03
8.460089448133050610e+03
4.498291208621081751e+03
9.533821614182463236e+03
4.743126641858706535e+03
1.328236958841142439e+02
9.941558068030930372e+03
6.302985710973278401e+03
5.721047571185017659e+03
4.317276028098005554e+03
7.709032907504064497e+03
1.074116108869636264e+03
3.140315103918377645e+03
9.905159239942533532e+03
8.276383229199431298e+03
9.383142331071747321e+03
2.776353654455220294e+03
7.585036594302730919e+03
5.173978757766972194e+03
3.103954931154021324e+03
4.340582090263043938e+03
8.307577720500135001e+02
8.775697852952554967e+03
5.885205069226368323e+03
3.671550739290847105e+03
9.683675101918597647e+03
1.109411751347725613e+03
4.832613155376184295e+03
1.384759481395361945e+03
5.583918801213460029e+03
2.705003500224311665e+03
3.564945745658024407e+03
8.050166039010099666e+03
4.792336682781064155e+03
5.959287896536931839e+03
1.911452620304506127e+03
6.011023958900402249e+03
1.695457222232399545e+03
7.355934545945928221e+03
9.118658969209494899e+03
7.943225878151977668e+03
9.260737231215607608e+03
2.315573178190787075e+03
9.096095056055215537e+03
9.745831782884084532e+03
5.440067842309810658e+03
2.588597844839387108e+03
5.786523835586906898e+03
8.537925152721756604e+03
1.146165369911637754e+03
1.897424619599191828e+03
6.716504278147420337e+03
4.752094546628156422e+03
8.553392023104950567e+03
7.097572063613155478e+03
4.969766113505146677e+03
7.990514274174768616e+03
7.504885322877862563e+03
7.748332969464304369e+03
1.409207834057559239e+03
9.987257687066366998e+02
8.613957710373410009e+03
4.346145325400202637e+03
9.672781187519240120e+03
5.317959185548515052e+03
8.151459486348640894e+03
1.726315428917695954e+03
1.029640495692085324e+03
2.121611298764358366e+02
8.670721351229180073e+03
4.126660723259228689e+03
8.286900422737946428e+03
1.991520666172152687e+03
1.183636235955079201e+03
9.417046452192966171e+03
5.265137822069765207e+03
2.648415945803087652e+03
9.236187358524070078e+03
1.945265279695276377e+03
9.352162390201281596e+03
3.552335397912672761e+03
3.721018736488563718e+03
1.757816921681075428e+03
9.766421496242990543e+03
5.454450838513309463e+03
2.388242653720019462e+03
1.619188931710926056e+02
4.415247519069577720e+03
9.417683198917301297e+02
2.171024474055727751e+03
7.860954169302783157e+03
3.135937778493828773e+03
6.913331570395372182e+03
2.644800076238914812e+02
1.298877367579232896e+03
2.898536891820949677e+03
2.060178022792956199e+03
3.246039107863061872e+03
7.099390581963945124e+02
5.572128417747059757e+03
1.150133950823300893e+03
3.170957654496703071e+03
9.918822211738886836e+03
2.322451204947965380e+03
1.012285168276384297e+03
5.025214328054872567e+03
8.488775328394909593e+03
1.134493662251464457e+03
4.577098806227288151e+03
6.254058790115182092e+03
7.400727821771687559e+03
2.666585009561792504e+03
7.403871905692508335e+03
5.018385814897603723e+02
3.650231513164754233e+03
7.224192681785348213e+03
9.135510327827207220e+03
8.911255664091539074e+03
4.324639259600370679e+03
6.542356088196107521e+03
7.828013473393402819e+03
3.826915829423237028e+03
5.693382128813517738e+03
1.483118921804204547e+03
8.657574667804565252e+03
8.154500260670351054e+03
6.962692317781596103e+03
3.188257023259736343e+03
7.376530944615382396e+03
3.649570240927483155e+03
3.658374725651921381e+03
6.097741932203265605e+03
2.414985338127180512e+03
4.422047692235321847e+03
9.914065709902481103e+03
1.177213403237204602e+03
3.257373197949576024e+03
8.082616110888251569e+03
9.713472823946955032e+03
3.332443070411899498e+03
3.033646340512449115e+03
1.731875699508322896e+03
6.865927251663614697e+03
3.825856937860034122e+03
9.448854049829003998e+03
9.171855670525827009e+03
4.600016969698705907e+03
1.269823539940826549e+03
8.453595728201677048e+03
4.792381469398010267e+02
7.101650111824738815e+03
8.176326887653858648e+03
5.964399058240734121e+03
1.436437428441277689e+03
2.090878192005739493e+03
2.792503695148313000e+03
8.950960517695855742e+03
2.311965077236360230e+03
9.594283047113115117e+02
3.560425432475598427e+03
4.360293306072182418e+02
8.085043483071307492e+03
1.630713414142281408e+03
1.781760802227414899e+02
4.538655657951111607e+03
3.024826824229360682e+03
3.956944902451728581e+02
2.827210235107997050e+03
5.160719552241139354e+03
3.420424095151079655e+03
7.425693150783650708e+03
3.315503592465854126e+03
5.765343397952899068e+03
4.861942566912638540e+03
9.383359626362019981e+02
2.293730950929058054e+03
7.033894367194319784e+03
9.431889585022750907e+03
6.093734073418600019e+03
2.819514728510930368e+01
4.132978721900198252e+03
5.312768029056324849e+03
7.366761227311717448e+03
1.206347843514994338e+03
2.524705866556437741e+03
8.090798221744882539e+03
2.458287761013966701e+03
7.195611018518501623e+03
5.010660916062331125e+03
8.810315512851668245e+03
1.904177886963138008e+03
2.619452202469317854e+03
2.358668069710547570e+03
2.771264585051654194e+03
9.325363223553607895e+03
6.521558645423771850e+03
7.112266680633010765e+03
7.010637288477290895e+03
2.172394976172275619e+03
7.403194288853433136e+03
5.389808409000137544e+03
8.257747290430123030e+03
9.568439805438832991e+03
5.421199002424418723e+03
1.505001929746083533e+03
6.126194038110080328e+03
6.291727917524708573e+02
4.881580618319944733e+02
1.141485110898868697e+03
7.917851628769527451e+03
4.170764642528493823e+03
1.849615181488211647e+03
1.485234044212143090e+03
4.209013526024095881e+03
4.961066325777576822e+03
2.171228465932731979e+03
4.662013396580661720e+03
3.164166203475724160e+03
4.276395915109054613e+02
2.936502000191474508e+03
9.813040555529831181e+03
3.694728604985952529e+02
3.254907087910732571e+03
8.456008341901115273e+03
4.174292128973803301e+03
8.547895210152204527e+03
3.242948278636053146e+03
8.914072384651455650e+03
8.835024786678666715e+03
3.152502978933280701e+03
1.466841253609353828e+02
9.184800252328497663e+03
3.820052104408735431e+03
2.260882701551327045e+03
8.643696504980564441e+02
9.254139779367997107e+03
5.166708108151226952e+03
1.199434214031645979e+03
9.980665826752712746e+03
6.697768374039130322e+03
7.741865197808673429e+02
7.503237103360362198e+03
7.562319314309097535e+03
8.731087316150360493e+03
3.735180394984895884e+03
3.645035225957504736e+03
5.092822061734352246e+03
3.875053462143123852e+03
1.340367715370822225e+03
1.279005275791815848e+03
1.679560804338847220e+03
4.025134947125385679e+03
3.543788744933392536e+03
6.461747811785312479e+02
5.660941298143789027e+03
8.681377548518217736e+03
3.300758898828676138e+02
2.724643099341585639e+03
6.029373586896529559e+03
6.887858736212304393e+03
8.532001198619900606e+03
3.107730802854539434e+02
1.502140321856770697e+03
5.357760167326818191e+03
7.729613388974288682e+03
9.473609204760014109e+03
9.808791356056242876e+03
6.980476792330404351e+03
4.026329910576645034e+03
9.314530717053843546e+03
5.817278501956239779e+03
8.134108029339648965e+03
7.758358401139656962e+03
7.386438985048809627e+03
4.195111630502299704e+03
7.253905401360794713e+03
6.601581847106689565e+03
5.518772997107316769e+03
3.076068065869012571e+03
1.098854247062626541e+02
6.463950906179989943e+03
8.812675595254171640e+03
1.083378390872426053e+03
7.355275718336882164e+03
5.931790215969240307e+03
1.341965722273165966e+03
8.293546345280466994e+03
7.854981399693075218e+03
9.903754844834416872e+03
7.491502529964686801e+03
8.600271425686176372e+03
9.553619602892842522e+03
5.621354429481676561e+03
1.111156071501977749e+03
5.731224350014459560e+03
1.668829175161435387e+03
1.051625711748172989e+03
7.189588781849946827e+03
7.983459774082956756e+03
5.469318231478671805e+03
4.590705350560785519e+03
2.117893434919349602e+03
3.754955240030909863e+03
5.074560081605079176e+03
7.050076575402933486e+03
5.315243900757858682e+03
3.457288745473783365e+03
5.987727027338360131e+03
7.032015545077894785e+03
5.388227546080774118e+03
7.622306545030353846e+03
1.424566292050410084e+03
8.817146910064442636e+03
4.304101858211365652e+03
9.662558248009740055e+03
5.494395234221132341e+03
2.909688350355732837e+03
1.751708176984842567e+03
5.942580618289547601e+03
8.502664803096165542e+02
3.274762741287885092e+03
3.418575770543551698e+03
6.612178399231393996e+03
6.709919973276590781e+02
9.786439131059736610e+03
2.673137900561874176e+03
2.210342903413516069e+03
9.934843026717475368e+03
9.115828120534357367e+03
5.422365230583165612e+03
9.177313377730268257e+03
6.217413511727939294e+03
5.797227467283420310e+02
6.972290047501562185e+03
8.045159252895708960e+03
9.615291718244130607e+03
4.344149880822516934e+03
6.992561510298414760e+03
1.145778623971182810e+02
5.334999320340679333e+03
5.207223331967935337e+03
7.665881634256124016e+03
6.722250921328371987e+03
7.100985527003888819e+03
5.722947262348376540e+01
1.587791105718843710e+03
4.231170808331296030e+03
8.680571495501743584e+02
8.220323550987979615e+03
9.232749691198199798e+03
7.725843127788799393e+03
5.353800912981792862e+03
9.198206845050663105e+03
2.445686128774516874e+03
1.663279381233835238e+03
9.848773076064328052e+03
8.461642830560411312e+03
1.823980891050869332e+03
1.838573923083286445e+03
4.450704305316098157e+02
6.343929886817953957e+03
8.029928716168583378e+03
3.670408703591252561e+03
3.991438670044459286e+03
5.109917898625818680e+02
4.028927906288801296e+03
8.857720167746081643e+03
3.191888706385016690e+02
7.460114916446758798e+03
1.823253527580210175e+03
1.764757280189411176e+03
9.640986531959668355e+03
2.822552251180478038e+02
7.681593265352882554e+03
1.020919137447247408e+03
5.246103081954231129e+03
1.001317705339269423e+03
3.074206365741444188e+03
6.749776903797408522e+03
6.377548489571120626e+03
5.438851208595152457e+03
2.868366148376307592e+03
9.193545860554990213e+03
2.046402158598704773e+03
8.982505990870617097e+03
5.864974632308256332e+03
2.507352226443276777e+03
3.220325893720203567e+03
7.134996166237758189e+03
8.960658477986835351e+03
7.458923974514939800e+03
9.301077608409817913e+03
2.068885936740703983e+03
9.391326513127462022e+03
4.581140424651035573e+03
7.550509018825695193e+02
5.024994699100273465e+03
8.324426527279695165e+01
7.995217908942333452e+03
1.961457781482316477e+03
5.989550572286056195e+03
5.502385539319629061e+03
4.377431919178991848e+03
5.821088092912358661e+03
4.919306249195098644e+03
9.914351273133077484e+03
6.807574828120716120e+03
4.417551268890907522e+03
7.935017307727659500e+03
1.490066148810748018e+03
9.142535527512842236e+03
4.827859617313736635e+03
7.922230600157717163e+03
4.933573485940196406e+03
5.429880940342558461e+03
7.870245361803086780e+03
2.179267781569451927e+03
3.565643735245678727e+03
4.468995079889639783e+03
5.880735475010831578e+03
1.095215503412627413e+03
3.708793003647573187e+03
3.579082985277739226e+03
3.058667612067367827e+03
9.055007220911329568e+03
9.165113864362143431e+03
5.741422896042038246e+02
2.151659250959518886e+03
2.013968918241041138e+03
5.472119248249165139e+03
7.899735610140122844e+03
6.665158510128798298e+03
3.082083349120800904e+03
3.642138130706133325e+03
3.465023337904278833e+03
7.471973433223361098e+03
1.136638842638030383e+03
7.322579076066820562e+03
1.075325769120684527e+03
1.496686478672725571e+03
3.242085737847323799e+03
1.025454749305214136e+03
