4.482518390406263279e+03
1.338528098728668965e+03
3.308068068468494971e+02
8.337215420320244448e+03
7.241001213637734509e+03
8.777435503229376991e+03
7.639971006009963276e+03
8.808975145112686732e+03
3.998867873217847773e+03
3.674039034076202370e+03
5.683523217818093144e+03
3.144771224304522093e+03
4.615526898497988441e+03
2.057503152008271627e+03
1.988536502930623101e+03
3.440448022558684443e+03
2.524059038447806870e+03
8.519457153357250718e+03
3.727526416687165238e+03
9.708778779530208340e+03
8.923495907833219462e+03
8.647880737535171647e+03
3.691821793734145558e+03
7.398320307253832652e+03
7.512050601215901224e+03
6.763905784951698479e+03
7.745206668335406903e+03
2.610156260384739653e+03
1.174866576151945452e+02
1.086858035307605633e+03
8.530292893426854789e+03
5.882436912106090858e+03
3.660541028706029920e+03
8.423139520576991345e+03
6.681984074064808738e+03
1.601994889681803670e+03
6.661955293229741073e+03
3.913548872572914661e+03
2.805911867402746793e+03
4.367186518527455519e+03
2.264566821244659877e+03
8.552512582723307787e+03
7.484047328920648397e+03
8.017841143684101553e+03
4.952658120933639111e+03
3.273128713892207543e+03
1.701413237289616063e+03
4.423515694017421083e+03
7.822943371651552297e+03
9.621466624599950592e+03
4.689846787186218535e+03
7.204420190843679848e+03
7.335462885309016201e+03
8.444319334874287961e+03
2.282225880038010473e+03
3.153455116956144479e+02
1.146564089880570464e+03
1.637105724000219652e+03
7.274638501683130016e+03
6.079912318689204767e+03
4.747044325818727884e+03
4.405451620369947705e+03
9.508431470693039955e+03
4.938154036495801847e+03
2.994909217687330511e+03
6.704391233245049079e+03
7.855200052724144371e+03
7.223079242702890951e+03
2.169105753533560346e+03
8.108350444836265524e+03
8.073317063120411149e+03
3.764342026521771004e+03
4.522049968096233897e+03
4.619303468332636839e+03
5.273643623041986757e+03
2.576460288715795741e+03
8.573982145570213106e+03
6.347813104756446592e+03
7.042167201017519801e+03
8.413993041762918438e+03
7.688026291742426110e+03
3.400869767968352335e+03
2.643599730802276099e+03
8.385094783445187204e+03
4.262995909866186594e+03
8.585655430750972300e+03
6.318466746891556795e+03
9.855090233012495446e+03
7.690018885796248469e+03
6.717605675171926123e+02
6.091568144943455110e+01
6.399721126731543336e+03
9.072071932270053367e+03
5.231661686152443508e+03
7.180682601362809692e+03
9.951846160915032669e+03
6.423125989397506601e+03
8.471631989547749981e+03
7.841046186159739591e+03
4.385127061875539766e+03
1.079022454304086068e+03
7.184360959036492204e+03
2.480118860259823123e+03
7.045732301491896578e+03
2.796150462378927273e+02
7.437113851029850593e+03
1.320145359803159408e+03
3.121695263854077893e+03
2.687608494072719623e+03
5.172642487774735855e+03
1.142213979560719281e+03
9.221722135603700735e+03
8.184532638729937389e+03
2.300685211533497295e+03
4.766816419645724636e+03
3.048351659564870261e+03
6.343645756437433192e+03
4.901704567650467652e+03
9.666529430887005219e+03
1.380663691597844263e+03
8.496172313726083303e+03
5.518283891575090820e+03
7.792905813175768344e+03
5.128532750091373600e+03
6.580406507425104792e+03
1.291703345861868456e+03
7.025419775348869734e+03
3.083039408997535247e+03
8.156838672324689696e+02
6.589629496431695770e+03
5.693960308650131083e+03
7.567965232743253182e+03
8.373377184654613302e+03
3.643821347691151914e+03
2.830716458780323137e+03
8.526411852918994555e+03
4.447840391031550098e+03
9.452054466540190333e+03
6.488534938451080052e+03
4.681550459079993743e+03
6.415115069085361029e+03
6.307027098939726784e+03
9.438394385286170518e+02
4.136722430378049467e+03
6.921554586551569628e+03
5.940964675261358934e+03
3.931845792290807367e+03
7.849044825729651166e+03
4.407929031772256167e+03
9.625822005492103926e+03
1.169043591474957793e+03
1.373396202888834750e+03
4.767561674907619818e+03
1.329262771245654449e+03
7.471043835035305165e+03
9.402509805196368688e+03
5.279505998284646921e+03
9.231786306359217633e+03
8.421272759543830034e+03
1.764165864342471423e+03
6.954767881066028167e+03
6.653691920123242198e+03
5.715386672405868921e+03
7.458153602703444449e+03
2.580535478229264754e+02
3.969752621425689085e+02
5.506356553379790057e+03
7.413210231088078217e+03
3.944333748798539091e+03
4.485668424963281723e+03
1.791865812259758968e+03
4.545196187171625752e+03
3.343877005852972616e+03
5.191007123780229449e+03
7.273927820188372380e+02
2.096859823707799023e+03
5.901724913243891933e+03
7.080129411475671986e+03
4.187025039978961104e+03
3.103446447403767706e+03
8.905918688300056601e+03
6.306770745634293235e+03
6.830344500270808794e+02
9.165318079230493822e+03
3.651850193738659527e+03
9.015247956177163360e+03
8.611309961554819665e+02
7.533425973587154658e+03
7.209314556275478026e+03
6.322304131133425471e+03
1.129193170406842484e+02
8.473288393821932914e+03
4.564420211428006951e+03
3.995444236540389511e+02
7.577778856916090263e+03
8.536936785436875653e+03
1.615445542570900670e+03
8.139410934116455110e+02
2.648774413808311692e+03
8.242809597612265861e+03
9.681114548944084163e+03
9.626039550778841658e+03
1.909982493828424367e+03
9.384953876571942601e+03
3.776293257642427761e+03
3.588694059153305261e+03
7.528945157197118533e+03
9.535857997895187509e+03
4.206589002817468099e+03
3.476316092472836317e+03
5.876236505412116458e+03
7.308591546830651168e+03
1.239046218994850506e+03
3.571269170293640514e+02
2.473621733592758574e+03
1.817281208744480182e+03
3.806970070728657447e+03
5.118495386671501365e+03
6.572850781572465166e+03
2.087698545817153899e+03
7.930611074682025901e+03
7.331167981252698155e+03
3.939559438067345582e+03
7.428983670445265943e+02
6.058552421682510612e+03
9.933615935281202837e+03
9.050093214007021743e+03
4.347736243630051263e+02
3.733558160617659269e+03
1.583086791278338069e+03
7.394406770736851286e+03
7.790255938351144323e+03
5.382831967022969366e+03
7.099195811337808664e+03
7.328570325064923964e+03
1.448496811378634277e+02
3.651267518176712656e+03
4.166824570952294380e+03
9.373666420580819249e+03
1.874703312144612539e+02
8.149439585904557134e+03
9.572770503714238657e+03
2.668976334001992655e+03
7.023951905451640414e+03
8.672818013405760212e+03
8.372413381582722650e+03
8.877581348012838134e+03
6.754210098569469665e+03
5.430899087840972243e+03
7.559744200681107031e+03
8.075934436252796331e+03
7.821562332905405128e+03
7.595291189868383299e+03
1.900580982780435761e+03
3.487660078822138075e+03
6.204226014987267263e+03
4.764256206642455254e+03
2.445193146519945913e+03
8.656751428312856660e+03
2.936398549388758966e+03
9.256345831357242787e+03
6.811552251674950185e+02
4.572286605936105843e+03
5.405143138608248591e+03
7.387677155218601001e+03
8.896523686243453994e+03
5.605108399653155175e+03
4.442209230097459113e+03
9.720234831835219666e+03
7.785002564990812971e+03
7.336079247238809330e+03
6.504145231126463841e+03
9.667949096758833548e+03
1.505909273031689679e+02
8.475592410309720435e+03
7.189906687456478721e+03
4.456866565836756308e+03
4.158888886346700929e+03
7.545194325911288615e+03
1.696023588240520894e+03
2.604763938763777332e+03
2.560483180796943614e+01
3.050594972791908276e+03
5.964090989185433500e+03
1.896496961988406383e+03
7.992414885617677101e+03
5.612362368790019900e+03
6.608274409633111645e+03
9.986480173416128309e+03
7.896778616617352782e+03
9.077785361022673897e+03
7.833772945689283006e+03
4.632727892290981799e+03
1.168438089411914916e+03
7.128603538221248527e+03
4.554898564656224153e+03
9.488216122641628317e+03
2.438265206638649943e+03
6.068315132926785736e+03
9.341097596376710499e+03
8.720129256238973539e+03
9.699444884138906673e+02
3.744293384067953866e+03
9.411379705695982238e+02
1.718861633256713503e+03
7.954594875189261984e+03
1.079874386301055438e+03
6.414790065699137813e+03
7.696593577055557944e+03
2.033486857576436250e+03
8.747765546689262919e+03
2.404801607473513286e+03
6.796630863650144420e+03
3.014190186335387807e+03
1.117341767624682006e+03
7.200859066505414376e+03
2.221318753400787500e+03
5.079247614691816125e+03
2.217103164551609552e+03
2.870935109153206668e+03
3.703208979922195340e+03
3.744178820178191017e+03
5.185443893110481440e+03
8.929985166790422227e+03
8.789838522859787190e+03
6.394486309404530999e+01
8.740253984014298112e+03
4.199777089186419289e+03
3.908189359959304966e+03
2.471238390730836727e+03
2.844727814562932622e+02
1.583457331625784263e+03
5.737829785400800574e+03
4.329564247162329593e+03
2.564125590944424403e+03
4.035867465841050944e+03
1.385790278255496332e+03
4.583274648529858496e+03
9.723938926339891623e+03
2.171353123162542033e+03
3.972270748899949012e+03
7.630181187647382103e+03
1.855308834279529492e+03
6.777543680142156518e+03
8.010312367320068006e+03
1.235702693696226561e+03
3.489761789065185894e+03
7.505603864271362909e+03
1.014416568211339154e+03
2.396232061335223989e+03
4.441874768388493976e+03
1.022931222281096098e+03
8.323400131900211818e+02
4.436449212900231942e+03
6.783166104964579063e+03
4.599201762581009461e+03
3.668590705666722442e+03
2.543214202767855568e+03
4.162162821752065611e+03
4.236940066746678895e+03
4.361209646383914333e+03
6.620293931982615504e+03
3.601217055215434357e+03
2.797573975063103831e+02
1.174338918659751471e+03
9.006910233816724940e+03
3.330015016426726106e+03
4.324224750914488141e+03
3.789897535491290455e+03
9.331749264999978550e+03
1.375524765565243797e+03
3.772937617309482903e+03
1.022763655501939297e+02
5.535505449614704503e+02
7.493100870521348043e+03
3.081524761707991047e+02
7.542972058689768346e+03
2.682807227590753428e+03
3.411119340338869733e+03
3.375175045923576818e+03
1.889381004184893698e+02
3.104277303623352964e+03
8.988441945602957276e+03
3.119483187824045217e+03
7.976466666278020966e+03
5.761992608077242039e+03
8.063937420735988781e+03
1.395962970996443346e+03
1.190411623160577847e+03
7.003135950889201013e+03
1.140561466307010505e+03
8.857010850148004465e+03
1.741111738419735957e+03
5.533239328161943376e+03
7.243255670348039530e+03
4.252053831928782529e+03
5.709126566957875184e+03
4.991466179788390946e+03
8.961885806687949298e+03
3.385290254223670672e+03
4.524034111275774194e+03
7.418699815850337473e+03
6.086222531011952924e+03
5.436719476056957319e+03
7.450662512377284656e+03
4.519311958650444467e+03
4.941515154567399009e+02
6.519936416416481734e+03
7.952002737250491919e+03
9.992142255931528780e+03
5.613647727417423994e+03
4.189709569214647672e+03
4.789928625038008249e+03
3.963631348815686692e+02
8.160879377863260743e+03
8.581904769167616905e+03
5.127020480101216890e+03
6.135989451435531009e+03
1.887096968536831127e+03
4.502146995584633260e+03
4.485564942222825266e+03
1.199169634724909884e+03
3.369675557987066441e+03
4.929321162593593726e+03
4.989920267360413163e+03
3.131914669651129088e+02
2.433626312072905421e+03
8.997318295759469038e+03
6.312169646047516835e+03
3.420149166616337880e+03
5.770271917518069131e+03
1.791094522274122710e+03
4.863637131720849538e+03
1.225638017314460285e+03
6.603769258555524175e+03
8.863653311131656665e+02
8.071996952785083522e+03
3.632686614509599167e+03
9.343525241967945476e+03
1.179585567243344258e+03
2.040488842574879754e+03
6.877014207158083991e+03
9.932863807140474819e+03
7.939008013959881282e+03
4.638276682723549129e+03
1.700258135396464240e+03
8.698164763297918398e+03
5.940647256796532020e+03
9.813973340141743392e+03
4.818576417781596319e+03
3.361401609587115672e+03
6.472918629912656797e+03
6.354384873378609200e+02
8.856104805598199164e+03
1.282253542553652778e+03
4.223634321566894869e+03
5.277448094721410598e+03
1.929934979498237908e+03
1.920162542779754631e+03
4.012167201709812616e+03
7.500510798995981531e+03
6.982345879623504516e+03
8.555624525459304550e+02
7.741773474017369153e+03
1.114926356832917008e+03
5.588347995861321493e+01
6.225563261432081163e+03
8.260838801993277229e+03
9.910616786839786073e+03
3.448298508762364236e+03
4.805518165564521951e+03
9.848707375642146644e+02
1.525706693529204131e+03
7.769479971914369116e+02
2.100831524313484351e+03
6.130504086193137482e+03
1.553773678439175683e+03
7.256353053437256676e+03
1.651838823873672482e+03
4.445820346452062040e+03
2.751080579708979712e+03
4.902154278328598593e+03
5.112723773734190218e+03
8.137691890091404275e+03
8.126995011321230777e+03
1.961628334131602969e+03
3.173418873011449250e+03
1.942276142124610942e+03
9.209842051838648331e+03
3.028426423710229301e+03
6.713640435947508195e+03
8.601171092651635263e+03
6.033784301897205296e+03
6.649240560451015881e+03
5.131091969622103761e+02
1.636839109779568616e+03
1.127415912719069553e+02
3.914676849114755441e+03
4.478526452306655301e+03
4.094611380238560287e+03
1.204686344868729066e+03
8.787372288631595438e+03
8.997071898748396052e+03
2.472601240485711969e+03
5.562669512066068819e+03
1.691749036427256897e+03
5.554648776034330695e+03
6.728422989554752348e+03
2.832869890243262944e+03
7.266651551074006420e+03
8.169290751239691417e+03
5.357930782476809327e+03
3.545566494763877017e+03
1.985594427986907249e+03
3.911701835416482027e+03
9.390396930989092652e+03
8.347802263962383222e+03
5.930090683521770188e+03
6.938165484769818249e+03
7.044377111813004376e+03
3.841939601190892517e+03
9.570549171636197570e+03
7.828419097393057200e+03
5.265418818981955155e+03
7.751295775956004945e+03
7.960828229538783489e+02
7.200181062355448375e+03
6.185368546190409234e+02
1.005075068629720249e+03
6.965998867892884618e+02
5.673067764759593047e+03
4.042060721941636530e+03
5.774268746068198197e+03
4.039145525748787804e+03
5.853154874471737457e+03
9.769622338818222488e+03
3.518470519490708739e+03
6.694711022455866441e+03
9.738889867089215841e+03
2.292411320210308531e+03
5.050681907905176558e+03
5.871024158604936019e+03
5.560289974638522835e+03
2.425191515354229068e+03
9.707430607053905987e+03
4.773008885700622159e+03
4.696402699510414095e+03
9.822963631776892726e+03
6.528242396292557714e+03
1.780042005041702851e+02
5.904558846749774830e+02
9.070984976746143730e+03
5.731236667893896083e+03
1.311776462221131112e+02
4.684270696804655017e+03
1.044743307764493693e+03
8.273771221305780273e+03
5.843343601696403312e+03
9.716204149171800964e+03
1.181396647958020822e+03
9.168327380503462336e+03
5.910287039928226704e+02
7.567749133225699552e+03
7.715772608380368183e+03
2.772791997667440228e+03
2.178204790361633059e+03
5.651328052556973489e+03
7.776250602387018262e+03
2.757552822645790911e+03
7.731008346504003384e+03
1.938992648182942730e+03
9.861743918795495119e+03
7.043800236879497788e+03
4.890404945065331958e+03
4.171214386575039498e+03
1.307833090579462805e+03
6.504629895643252894e+03
7.247377743436931269e+03
2.305028617606593343e+03
3.986740464241192058e+03
8.980655387686627364e+03
1.800362208108701680e+03
7.965603829989641781e+03
7.545906094905133614e+03
1.828488121929601448e+03
3.569169974807764447e+03
6.510502666272408533e+03
8.256733763381755125e+03
1.795123167279882637e+03
7.737562533645867006e+03
8.855139846550333459e+03
5.753055515693861707e+03
5.173911524839922095e+03
4.008187836479949965e+03
9.421900089684231716e+03
7.744830193933164537e+02
5.905623986182656154e+03
5.977841867474743594e+03
7.983390907634996438e+03
9.695779345316072067e+03
3.248331147618204341e+03
4.786938470543776930e+03
3.354943604901951403e+03
4.428374065197221171e+03
7.251375813269563650e+02
2.816045839103599519e+03
7.117262397454117490e+03
7.644891604338941761e+03
7.987598320394298753e+03
1.947192389039964382e+03
4.452756192612952873e+03
4.207026656684744012e+03
9.523436116953242845e+02
3.728672225030260051e+03
9.123207457779883043e+03
5.778191821154969148e+03
7.727559073726609313e+03
4.178510972657132697e+03
4.049336782638452860e+03
7.667259459438994782e+03
7.065963286120752855e+03
9.037757999571600521e+03
5.877546349233396541e+03
2.060870866990504055e+03
2.024026254336402189e+03
5.034073069834503826e+02
7.289909081673184119e+03
3.005989929200948609e+03
8.223283330349364405e+03
1.450750505738176344e+03
5.184202035484566977e+02
1.892915764211538090e+03
4.470648709202869213e+03
4.061468375254281909e+03
8.645247942490434070e+03
7.189475432179998279e+03
9.411606337981666002e+03
2.782383859812181527e+03
6.565733407562115644e+03
1.674098094597752834e+03
2.522385442255583257e+03
3.365369388535475082e+03
3.940503829188834061e+03
2.090836349213710946e+03
3.385748031006943620e+03
1.791101796945710248e+03
2.342116696790148126e+03
9.346052447829244556e+03
4.932967642389362481e+02
8.876936915616168335e+03
4.844826412404088842e+03
5.694102425836707880e+03
2.811591210186034914e+03
1.927920625200474205e+03
1.062646592815070107e+03
8.310659515216992077e+03
9.639876579603671416e+03
7.318648744506062030e+03
8.491942870256452807e+03
8.950293123288935021e+03
9.697950873188401602e+03
9.021616697622908760e+03
3.332161068274529043e+02
2.424743499578399053e+02
4.290647300592046122e+03
9.823241990375407795e+01
9.703392678075360891e+03
3.854393088945200361e+03
7.062889347694093885e+03
6.575251374411631332e+03
6.710302708005738168e+03
6.784856617645707502e+02
7.537083289058146818e+01
2.044208558802708922e+03
8.711212501584503116e+03
1.411277533619309388e+01
9.973520597644443114e+03
3.570679002395354019e+03
9.142771294896967447e+03
6.681766596986100012e+03
2.097227648579160814e+03
3.044619225937444753e+03
6.392219029432010757e+03
9.085001353966370516e+03
1.631789236418622977e+03
2.828888858403146060e+03
8.000778141554859758e+03
9.169522797520066888e+03
9.694967278190306388e+03
8.670819847067900810e+02
5.435156550243445054e+03
5.183019235460842538e+03
6.558515756683942527e+03
5.608982368508045511e+03
7.840476095799101131e+03
4.260306602628027576e+03
5.518699673347371117e+02
6.215133772560595844e+02
4.740986804986870084e+03
6.476607219415842337e+03
9.639632078956792611e+03
2.849211582143060696e+03
9.316581569057805609e+03
1.975590514779646810e+03
6.948521776972120279e+03
9.904629603714627592e+03
4.090919899202281727e+02
3.213373702471545585e+03
3.567679979607566111e+03
1.383563560032584292e+03
4.730109926460934730e+03
4.532765418993741150e+03
1.788946576871478783e+03
2.113357011644363865e+03
5.059790770213133328e+03
9.020532730942646594e+03
3.454571305520749775e+03
9.609340331145995151e+03
7.987401458359491699e+03
5.194516497381118825e+03
9.314788578417363169e+03
4.751199061395961508e+03
7.205811684446547588e+03
1.942873694622495123e+03
8.046226796619900597e+03
2.915769642066896267e+03
5.905256350521244713e+03
9.458426335199934329e+03
7.816873645518412559e+03
3.379832039698146673e+03
3.227682294501149499e+03
2.449069075003627859e+03
9.091923974960594933e+03
8.652322793802366505e+03
8.232219843251225029e+03
6.798536140058482488e+03
2.288439334177283399e+03
7.950501797419325158e+03
7.994040912738941188e+03
7.161897169688591021e+03
5.503976497010629828e+03
3.540099508640174008e+03
2.665990941604782165e+03
1.721958571597412629e+03
9.904347441342788443e+02
5.368873072184910598e+03
8.444531377193932713e+03
1.551118876595628308e+03
6.513750642212768980e+03
4.111497109310115775e+03
2.727536670280620456e+03
5.325333937750279802e+03
4.921129686947338087e+03
6.350082400335933926e+03
9.322225790498005153e+03
3.440608874032409403e+03
2.271172594032661436e+03
3.831409470456391091e+02
2.700857616061468889e+03
1.298806376689356739e+03
8.134699810905010054e+03
9.633851128743233858e+03
5.367462071663026109e+03
6.576215713981640874e+03
4.188960849241480901e+03
5.427841227706052450e+03
5.182659430287530995e+03
6.163894919307244891e+03
7.042101379252118022e+03
3.905493755753972437e+03
5.065339482426606082e+03
3.101246002415619841e+03
6.105075949088605967e+02
9.798687612047624498e+03
3.295775928012919849e+03
8.734664979937799217e+03
4.308319662527772380e+03
5.787227660577873394e+02
4.319249652476889423e+03
6.817464661739662915e+03
7.138761076828718615e+02
5.079761581364114136e+03
9.357636187949205123e+03
4.220930786045892091e+03
9.275265329827003370e+03
7.671904356050923525e+03
7.585910662475011122e+03
5.163936055519112415e+03
2.175768268864262609e+03
4.219511450893704932e+03
3.926274782842083368e+03
6.548543251209920527e+03
8.233003737893700418e+02
8.392956540033375859e+03
5.989530721950292900e+03
2.167482858843193753e+03
2.686956912497118537e+03
1.963145535145736403e+03
8.023751503986619355e+03
9.859659957970974574e+03
7.192528858186419711e+03
3.330819411096886142e+03
1.046091990867274035e+03
6.197961623431594489e+03
7.157788729650025061e+02
5.603774923152744122e+03
6.411283526159474604e+03
8.119358717171402532e+03
4.143359457117837337e+03
9.199755860208608283e+03
7.859998420214054022e+03
8.848338020710860292e+03
1.138689594208793324e+03
5.010571049222277907e+03
8.735793123242028742e+03
1.660426880931404412e+03
3.562354259854816519e+03
5.233180658663732174e+03
9.320799721026030966e+03
4.547735382059815947e+02
9.981246890457802010e+02
8.623907556995036430e+03
2.023372787203123380e+03
8.436567125562120054e+03
9.599991716093360594e+01
7.727747495303461619e+03
3.128933674034181422e+03
1.247873914281332645e+03
5.519785155072755515e+03
5.273565521268031262e+03
8.775969940120288811e+03
6.931494437603709230e+03
5.980008274062098280e+03
5.199373143308444014e+03
9.081931656538072275e+03
3.420686686622478646e+03
5.368687217259210229e+03
4.738888092551623004e+02
6.426768773033199068e+03
1.404992741635578284e+02
3.651009121696382863e+03
5.767667746647049171e+03
3.669936771816720466e+03
3.142869516746194677e+03
2.754329730123826721e+03
9.947731990155622043e+03
8.956614223286086371e+02
9.799621961066894073e+03
6.816234130742319394e+03
4.281693552527752217e+03
7.360924986714959232e+03
9.484425970480380784e+03
1.197341992343588117e+03
8.978113477208982658e+03
2.442443136550225972e+03
5.645930101366203417e+03
2.507319896853045066e+03
3.222407915532456173e+03
5.048104405784879418e+03
9.983248006613443067e+03
1.001362269813704074e+03
9.229541436779973083e+03
8.663545730250494671e+03
3.854113264681126566e+03
6.049086181909606239e+03
8.568960512500736513e+03
3.232748034642448602e+03
6.324639024485696609e+03
1.639499826602536359e+03
8.927827367996362227e+03
1.851523423253568126e+03
3.374896212177824054e+03
7.090992283367642813e+03
6.800688273357523030e+03
2.749422430688686745e+03
5.055490606939200006e+03
3.278800129206731071e+03
2.467512275231684725e+03
7.038405866763662743e+03
1.142957859931320854e+03
2.613254624972020792e+03
2.428059009499690092e+03
8.309643098861650969e+02
2.675009415168669875e+03
1.752221987074379967e+03
9.789647876056704263e+03
8.767427879826758726e+03
2.061796054251241003e+03
6.382239580139341342e+03
3.218382965270360273e+03
2.428510508412360650e+03
6.085115036264671289e+03
6.763122760197161369e+03
7.101695644369366164e+03
8.652661906979876221e+03
9.820245755280622689e+03
5.550566946059379916e+03
2.558413239419940055e+03
1.708109949721113708e+03
4.084759610976459953e+03
2.554280531946455085e+03
6.129553148623685956e+03
1.438358314063970283e+03
3.967766637603622257e+03
5.973368490265760329e+02
1.508394919515606716e+03
6.002187383255940404e+03
8.453930192984676978e+03
9.529535844218797138e+03
8.642133000622288819e+03
3.314169749330975719e+03
8.412678713646911319e+02
6.774683218029649652e+03
4.264581975313711155e+03
1.926776527809208119e+03
1.846704136600834090e+03
5.398656512446542365e+03
3.084325230718822240e+03
2.429106807155638307e+03
2.898224006868045763e+03
1.854999869718890011e+02
1.224788261641501563e+01
8.632855572548600321e+03
8.606933951089262337e+03
7.214140524150487181e+03
3.598238436437273776e+03
8.711665956361848657e+02
7.973914979897520425e+03
3.004052643448555955e+03
1.802777297322213826e+03
3.445111289273877901e+03
2.844385484847888165e+03
7.721767424541449145e+03
1.190502389654755461e+03
7.180196689987164063e+03
5.917327609751947421e+03
6.549003799145565608e+03
6.775734350277693011e+03
6.696234571298003175e+03
2.769637955961137777e+03
8.669224275811755433e+03
8.343473731067479093e+03
4.873244600313460978e+03
3.736643607841474932e+03
4.602792401677652379e+03
2.280525338946423744e+03
5.181998054082008821e+03
1.070734914394781754e+03
3.215585624106896375e+03
2.613097904174551331e+03
8.771346708922186735e+03
2.128926161346545996e+03
9.059114320150032654e+03
5.675469056210463350e+03
7.198098764813559683e+03
5.830923845203501514e+03
8.711791018388345037e+03
1.173709018882540249e+03
1.611313739608446213e+03
1.825658180967523094e+03
4.800942455738053468e+03
4.926710616793717236e+03
5.477633959025146396e+03
9.593237114703341604e+02
9.519606889868406142e+03
7.914845832745972984e+03
6.945082174429846418e+03
6.937582896738930685e+03
1.654595213256465740e+03
5.277036557377766258e+03
7.975314774176018545e+03
3.766834490146333110e+02
9.241723247757548961e+03
4.426004814856902158e+03
9.955433671035874795e+03
2.218032672285212357e+03
4.148450589065909298e+03
9.017706372395148719e+03
4.772113767930425638e+03
6.089012657315123761e+03
1.846516499209041058e+03
4.783972382583547187e+03
8.137840473534453849e+03
1.976722277911460424e+03
4.107005310963392731e+03
1.922722778398870787e+03
9.016455197405010040e+03
2.194533695666371386e+03
8.062670189221927103e+03
1.333427547697889850e+03
7.772112375742693075e+03
8.982993482313506320e+03
6.258804378598778385e+03
9.952788445066551503e+03
5.864809396978979748e+03
6.796560036518588277e+03
5.169712533968693606e+03
7.704307147688429723e+03
5.660897703225802616e+03
1.845883493785660448e+03
8.433358703662053813e+03
9.588556043251137453e+03
4.504378205873110346e+03
7.641053699534862972e+03
7.458495134760833025e+03
5.705715072795595006e+03
8.467295158189001086e+03
5.217179730339443267e+03
9.788665230338534457e+03
5.533992456210746241e+03
7.850611490347370818e+03
2.809127228626085980e+03
9.967913242280292252e+03
6.188406013448986414e+03
8.673729951464765691e+03
1.624360239817654929e+03
7.364530384810055693e+03
3.199754723945191927e+03
4.278164626282035897e+03
1.282070416042831994e+03
9.964753611116964294e+02
3.900352186947331120e+03
5.780866786085410240e+03
9.991195868427055757e+03
