9.811684738471010860e+03
7.882548700721938076e+03
3.313878935705509775e+03
9.571264915994019020e+02
6.577985117529280615e+03
6.582195337214227948e+03
1.521858362561381909e+03
8.286789944650869074e+03
2.978866664893075722e+03
6.073359352017192577e+03
5.139457130788527138e+03
1.387183702276403210e+03
6.586063526874347929e+01
7.678827771412972652e+03
6.666985495388881645e+03
7.541225983649297632e+03
5.824430749059127265e+03
8.913591037827813125e+03
6.732735372870276478e+03
5.681485700452236415e+03
2.108110534695219030e+03
7.634090828252021311e+03
3.896066120451226652e+03
3.800723810383072760e+03
4.577557901118795598e+03
1.801292862613209081e+03
4.749321416523232074e+03
7.014407777673767669e+03
8.311777512549566381e+03
6.306925033265319769e+01
4.865559287512151968e+03
7.597520640935192205e+03
4.394328209584080582e+02
2.908761833488573302e+03
6.587939438500088727e+03
3.644857523544785636e+02
5.148455304340265002e+02
1.945426975640693172e+03
8.210160336889965038e+03
5.118598302714345891e+02
3.403022149499644001e+03
4.306550181623304525e+03
2.716480789146254665e+03
2.886933217400718604e+03
6.283319835644289924e+03
9.009813870482634229e+03
4.033090458349440723e+03
7.304043345225586563e+03
7.825180909486434757e+03
3.071990160548172639e+02
4.730387584026642799e+03
5.399765494393153858e+03
8.766237239532427338e+03
9.842708955986026922e+03
5.302524831127074322e+03
5.664579521539750203e+03
1.976721500667985310e+03
8.851324196606263286e+03
4.985836883067424424e+03
1.676246524509953360e+03
3.957032574968086919e+03
3.971058882510085823e+03
8.938702555856276376e+03
2.116296484335248351e+03
1.199522340751918136e+03
1.481722743401998514e+03
8.813898205460109239e+03
3.227732909943116738e+03
1.685609516035437991e+02
5.674437853399742380e+03
9.859108415221215182e+03
2.118277829448318244e+03
6.529465014059614077e+03
7.725664393827286176e+02
4.433036535607040605e+03
8.111986490040489116e+03
1.668044459024659318e+03
9.608955607667641743e+03
2.569732739454509101e+03
8.104701706557540092e+03
1.800101079801709830e+03
9.522764719120230438e+03
3.912863279710137704e+03
8.982128400365150810e+03
6.753556908248917352e+03
2.263297874518147182e+03
7.416868266592587133e+03
6.259909572469030536e+03
5.858209861267137057e+03
9.805361580149915426e+02
9.942406013059871839e+03
2.765318725765742329e+03
7.110086073500889142e+03
1.340686675080106625e+02
6.348540477770143298e+03
9.476437039448501309e+03
7.138017349983433633e+03
9.722120856990544780e+03
4.266503085351991103e+03
2.413630756902607573e+03
2.440820813790217017e+03
7.190155537349320184e+03
9.291720154206417419e+02
5.446530358963249455e+03
2.234472536503736606e+01
3.440047946726342616e+03
7.540220694789708432e+03
6.184231671415111123e+03
7.267843047362754987e+03
8.407433158848756648e+03
7.467852370418659120e+03
5.938770307068637521e+03
4.044010307116781860e+03
9.995319411700113051e+03
3.996518984059816830e+03
1.474789128065107889e+03
6.492834477324820000e+03
9.344765094864393177e+03
7.903732546619188724e+03
3.274397251511356444e+03
8.202520611318082956e+03
4.611291043765704671e+03
2.892762470116080749e+03
5.887175117662816774e+03
9.831486963595183624e+03
1.320384204819615206e+03
7.031537816125250174e+03
5.803381018613381457e+03
1.374431926273334284e+03
3.439684647472670349e+03
8.978802793401415329e+03
9.696735854749606005e+03
5.408179175467620553e+03
8.739559374982451118e+03
9.110694713419432446e+03
3.242224160239475168e+03
4.309713014991594719e+03
9.635215525998648445e+03
1.612329401754747778e+03
1.987128222099154073e+03
3.742682695341653016e+03
7.583983778500474727e+03
4.778637496762100454e+03
4.372788158555876180e+03
7.905645940948777024e+03
8.846820396341652668e+03
9.171165317158805919e+03
2.158734281585796452e+03
9.701513013308969676e+03
4.210310192796215233e+03
7.335597326428273846e+03
3.311552775223023218e+03
7.975129935704601849e+03
2.537906833905160966e+03
8.067882081081945216e+03
9.332073537693579055e+03
8.931934939811622826e+03
9.674155587628920330e+03
4.761490101904955736e+03
1.602791469776300119e+03
9.705210657832803918e+03
1.490852945637854418e+03
9.036611815824831865e+03
7.558759326758983661e+03
1.858851742144224318e+03
3.108359180121689860e+03
9.521597157434936889e+03
8.161864369503583703e+02
1.010723207281575469e+03
8.158599805440790078e+03
2.187508724376999453e+03
2.423216799762072640e+02
3.093483607820553971e+03
2.504985833559163439e+03
7.333236844483818459e+03
4.609863482330979423e+03
7.007177593152072177e+02
4.460436681915850386e+03
2.300869041993149949e+03
6.059605931431306999e+03
7.545280274243315034e+03
6.702458135408248381e+03
5.163356311428778099e+03
8.013935041921030461e+03
8.349523999879333132e+03
4.624416510194952025e+03
9.811120260185763982e+03
1.729783895435100931e+03
5.006089926507090240e+03
2.681292288593425383e+03
1.419574530906394472e+01
6.747943303515892694e+03
1.181219125436625973e+03
6.712294479714744739e+03
7.891443487298019136e+03
8.543600318173679625e+03
7.783952031052986058e+03
4.049411258912066387e+03
8.214059226210545603e+03
7.061310631064365225e+03
8.041806528756680564e+03
9.904291510624865623e+03
2.771155877857532232e+03
3.477137627420294393e+03
9.875513517025847250e+03
7.513422217383630596e+03
1.233069096902892625e+03
3.671234304090442492e+03
5.337718113199846812e+03
1.080853817222434373e+03
9.237933837865901296e+03
5.029543188415344048e+03
4.577961113070809006e+03
9.876477079454913110e+03
2.167671130551248552e+03
4.470531178302441731e+03
3.889736859553398517e+03
4.403514995518460637e+03
5.473907891991023462e+03
3.674578564698932496e+03
5.818229699411790534e+03
6.847122193407353734e+03
2.106196950661787923e+03
6.161976186208334184e+03
9.754435670614391711e+03
9.972514099677153354e+03
7.263588033275769703e+03
4.410008770203581321e+02
2.724379155297987381e+03
7.656090521614219142e+03
6.455437465145281749e+03
7.253216041664038130e+03
5.134528626078046727e+03
9.713367809527442660e+03
1.256051364032340985e+02
9.086583364678221187e+03
3.515894405579889280e+03
9.872765572068739175e+02
1.386230990551018465e+02
4.703747281438374728e+01
7.628091102525354472e+03
8.270993857795623626e+03
4.128134421495737115e+03
2.497467586335556462e+03
2.151672182594601054e+03
2.792215246679211873e+02
3.635213062048136635e+03
9.824545643083480172e+03
9.295431631584744537e+03
1.838533957124777771e+03
7.567373176523999973e+03
2.673543632230755520e+03
9.818444056838368851e+03
9.922238277472199115e+03
8.932791462014196441e+03
5.635015166241752013e+03
3.782095078597514657e+03
4.284176224073653430e+03
4.555472109115780768e+03
9.526792238054453264e+03
5.370460494099195785e+03
6.572315897585365747e+03
2.310815940524067173e+03
4.314863906226711151e+03
4.421682289574441711e+03
8.414882686815459238e+03
9.322083492090727304e+03
3.897679801099530437e+02
7.486270303829804106e+03
8.890914036164175513e+02
3.051787382140313184e+03
7.788428778160852744e+03
5.818409725280717794e+03
4.930165346434216190e+03
9.273185666285280604e+03
3.986184013774458435e+03
6.930943024788467483e+03
2.300356878821728969e+03
1.409837890100263621e+03
7.616569983222332667e+03
5.242178976204564606e+03
7.407811539971729871e+03
3.699619856659673587e+03
8.582417753753552461e+03
9.547168743289706981e+03
9.457454406058410314e+03
9.045374603551945256e+03
2.083263769766684163e+03
9.008129299764343159e+03
6.868423669368234187e+03
3.391460759422458977e+03
5.580565451944732558e+03
6.808456537480662519e+03
8.951500543565960470e+03
9.801069400440885147e+03
7.689238702641187047e+03
9.462711949675685901e+03
5.529697320757860325e+03
1.789246380685713575e+03
6.026297230621234121e+03
9.543306640701351853e+02
4.410426547588717767e+02
7.792814044988608657e+03
8.461525978272211432e+03
4.652036141129849966e+03
8.873813415903385248e+03
9.552414452701359551e+03
1.244506541326899196e+03
3.412823758862410841e+02
2.072219676168686419e+03
3.999493023748770156e+03
1.745206149192648581e+02
8.593440536978216187e+03
8.241104725150409649e+03
1.280603726015257507e+03
7.851449024892279340e+03
8.788826149871802045e+03
1.706021644307379802e+03
7.272577450730027522e+03
5.627820463939767251e+03
2.573359910431561730e+03
5.647680929343751814e+03
3.585450170507595431e+03
6.096244924061375968e+03
2.578895076600628727e+03
7.204918176801465052e+03
1.619198312327518352e+03
1.505459023172408024e+03
8.984587439001530583e+03
2.588678539358603757e+03
4.930688956918346548e+02
5.952932802347471807e+03
2.408515929645001052e+03
4.026298726235545018e+03
1.021605816761131564e+03
6.954361773218637609e+03
1.118111502591973931e+03
6.749172127436352639e+03
9.725787417891244331e+03
1.262074596269251145e+02
3.690337019944686745e+03
9.341208894710123786e+03
2.320432228883123571e+02
8.048958899688233942e+03
2.374529837808198863e+03
5.870361625813127830e+03
2.138561782454728473e+03
7.808518952106221604e+02
8.433079810101076873e+03
1.084285342552652054e+02
3.798866992644600032e+03
3.991657177963142544e+02
2.215704106940700058e+03
2.263708071253780872e+03
2.340660518138812677e+03
5.584836641889896782e+03
7.603234297653494650e+03
6.315129739665809211e+03
4.732147055741604163e+03
9.016887326936193858e+03
3.557187381972847220e+02
1.695294214334488061e+03
2.996330101552713131e+03
8.914866713196563069e+03
3.536356288619693942e+02
1.215780276747236570e+02
4.364772508098092658e+03
5.825208605355504915e+03
8.514987308241376013e+03
9.499208134634012822e+03
6.750932685321302415e+03
6.981374415018626678e+03
4.453307497351950587e+03
6.175751220067024406e+03
1.590934534273037116e+03
3.365820013369816934e+03
1.946530689881915805e+03
3.948514771611763535e+03
8.580839639956437168e+03
7.678324499011875560e+03
6.112362790718758333e+03
6.423829151432295475e+03
3.599771489532729902e+03
1.396217949959686621e+03
9.231087491904945637e+03
2.095977388892202725e+03
4.292564233743669320e+03
1.501942923370052313e+03
6.480443776158485889e+02
8.594946298302003925e+03
1.801789728558030674e+03
8.224886490884893647e+03
9.045645543573077703e+02
5.218791802916928646e+03
2.373768800849991749e+03
4.461715164877280586e+03
9.425604295958097282e+03
6.241138829698856171e+03
7.512218837670844778e+02
2.187795157991592532e+03
6.732459233248768214e+03
1.131637116687035132e+03
8.277794199146179380e+03
5.296492256134192758e+03
2.121068543018678838e+02
3.160139033614704658e+03
9.569459982463069537e+03
9.344498136079429969e+03
1.536084493621642423e+03
4.062304818369932946e+03
5.937326132583277285e+03
2.226858736244507327e+03
8.528071554503443622e+03
6.324649607171494608e+03
8.928306053057567624e+02
7.168570834618220943e+03
6.325419889227927342e+03
9.921934313846822988e+02
7.640822752227878482e+03
6.042955346808451395e+03
8.857339531337809603e+03
1.466383927423342584e+03
4.816017598352293135e+03
5.167442540532076237e+03
5.528955236697381224e+03
6.243664813216544644e+03
2.255790025593042287e+02
9.155381995258331926e+02
3.844043954310209756e+03
4.751940626400668407e+03
2.217271589539459001e+03
1.590398937053855434e+03
5.789178417746310515e+03
6.813902766076242187e+03
9.275329662193595141e+03
7.968025989301209847e+03
3.802650251606794427e+03
4.147495666353112028e+03
1.156052188549416314e+03
9.927104594324850041e+03
7.615913858908953671e+02
8.245483491888495337e+03
7.857361876843688151e+03
9.397373199637317157e+03
4.537199973548948947e+03
9.652276737249891085e+03
7.702258170050177796e+03
1.621533813685198993e+03
9.051905112850665319e+03
7.386501237775166373e+03
8.931702029008982208e+03
7.502583077347392646e+03
2.714026176868801031e+03
6.560363357484457993e+03
4.403150210402590346e+03
9.696724466594389014e+03
1.020878192208737801e+03
4.152335058974487765e+03
9.471012343178936135e+03
7.404860637657440748e+03
5.582675878093620668e+03
7.684144330380962856e+03
9.285381325572252535e+03
4.283850110805304212e+03
8.361164320438776087e+01
2.850374430921818657e+03
7.379625729275910999e+03
8.531529582669320007e+03
8.802648851452428062e+03
5.608873180240386318e+03
8.688622704142782823e+03
1.115101337754154656e+03
6.364257557895930404e+03
9.559415382634202615e+03
4.932111886167105695e+03
8.011620679497973470e+03
3.491759290292457990e+03
3.083420593804718465e+03
4.721386432112056355e+03
8.118992319937770844e+03
2.179709282989684198e+03
8.671705706144832220e+03
1.703912233509720863e+03
2.704035002885706490e+03
7.649776518717398176e+03
4.283563188372304467e+03
3.704980586581317766e+03
6.805082198120579960e+03
9.788568361161966095e+03
4.366077838673892984e+03
3.398753258856238517e+03
6.843074141510518530e+03
4.448518659109948203e+03
9.137155258348619100e+03
4.273655867463070308e+02
1.655814630743491307e+03
7.291401642478836948e+03
2.325858529782560254e+03
2.138030405793776936e+02
3.909734004140640536e+03
6.506404909668982327e+03
4.267757476319934540e+03
7.459070381156161602e+03
8.002223304031348334e+02
2.527192836170729151e+03
6.890435934063969398e+03
2.793518339780519000e+03
4.948157917221190473e+03
4.202562632069566462e+03
2.627642837021707237e+03
6.680389082855584093e+03
1.180184147254775269e+02
6.267368664346932746e+03
4.979464932857532403e+03
9.497483416479242806e+03
1.996426997006413785e+03
5.857248267083268729e+03
9.926157018843119658e+03
6.520455986807102818e+03
9.764969315813495996e+02
3.482096990358976655e+03
4.558949249243615668e+03
6.605445119772974067e+03
5.757570199970115027e+03
5.365576574133668146e+03
9.905407873814978302e+03
7.254773235430039676e+03
4.262158878613788147e+03
5.591306424855692057e+03
9.836044849950012576e+03
8.636537473778033018e+03
7.677848972879986832e+03
2.079385413356051686e+03
3.785543781983377812e+03
7.226166351120848049e+03
5.374924730241971702e+03
1.526162589025622083e+03
7.938444541864093480e+03
4.621077106650443966e+03
9.803247411883619861e+03
1.061788691539089314e+03
7.751693624830245426e+03
7.173504716727897176e+03
6.497392308629627223e+03
6.962781013532713587e+03
1.922134184692404460e+03
4.535979445411277084e+03
1.957348576064603549e+03
6.286830013412452900e+03
9.219586552815987943e+02
5.801720121361295242e+03
6.325734052347786019e+03
8.490282507826575966e+03
3.727510330368930681e+03
3.505106112580339413e+03
2.303721075231198029e+03
2.394855472958710834e+03
5.312509280155672968e+03
3.728251357456488677e+03
2.956669336377547552e+03
5.354643565956444036e+03
1.981340374651790853e+03
3.787123251272572361e+03
3.741865613730101359e+03
8.116868462720605748e+03
9.864911257135851201e+02
4.641447149750170865e+03
9.923361276245312183e+03
6.136645355335580462e+03
2.176332702517982398e+03
4.078646324871617708e+03
7.154802658233505099e+03
5.177938729133290508e+03
5.538449757007518201e+03
4.444205315488376073e+03
8.137358944857661527e+02
7.070238165913617195e+03
3.869962651210813419e+03
8.922842500543538335e+03
2.678841555574045742e+03
4.812341799398408511e+03
7.404718246012336749e+03
2.836671622799712168e+03
1.669485558930488878e+03
4.165585315573835032e+03
3.311950891485664670e+03
5.432021317179858670e+03
9.179590321694660815e+03
4.787252613197592837e+03
4.636562350840453291e+03
4.954531570947709042e+03
9.679710400942616616e+03
3.321399282892898555e+03
2.203528845373655713e+03
2.566111916960017425e+03
9.775269604306183737e+02
7.993050266819524950e+03
8.749012120993671488e+03
7.427909978054223757e+03
9.901960524259557133e+02
3.962350900114840442e+03
4.427519603957372965e+03
2.221650912235958458e+03
6.057424323220217047e+03
3.630868564339522891e+03
4.871233507895922230e+03
3.950577989637266455e+03
4.501368315662630266e+03
3.240525559590573721e+03
8.948112956977309295e+03
8.051060511070542816e+03
1.180935244915428484e+03
4.725118748633435644e+03
5.651157824449149302e+03
4.454669737767516381e+03
5.741464070639132842e+03
8.226945450217768666e+03
7.338063230585700694e+03
8.673863470108266483e+03
6.967585038643298503e+03
7.310252852722828720e+03
1.660699535059643949e+03
2.021553943463169844e+03
8.201840615836810684e+03
8.694037104598638734e+02
9.111951982634465821e+03
3.138376149005177922e+03
7.843575126019363779e+03
3.294633623474207070e+03
7.252455818237969652e+03
4.077804069006153895e+03
1.102276347811454798e+03
8.466938799218974054e+02
6.083824083029537633e+02
5.873596223913065842e+03
1.176132590409286195e+03
7.837467849487948115e+03
4.061838897400450037e+02
5.734649862543597919e+03
2.501817339449321480e+03
4.398784489013592065e+03
3.505309999179024999e+03
6.591580460216700885e+03
2.176969112944928838e+03
2.182877761701948657e+03
3.530729120534478170e+03
3.319217660559269007e+03
3.456642666051660399e+03
8.727329054027844904e+03
5.127640010096503829e+03
7.326559891896155932e+03
3.177789116212836689e+03
7.987108901738880377e+03
2.068483493736895980e+03
6.179776028991530438e+03
6.340204837002387649e+03
3.587056362797252859e+03
7.330162530929358581e+03
1.810064610604319341e+03
7.044035379105734137e+03
6.664730667183053811e+03
4.446052601681089072e+03
1.636807764255783013e+02
3.226935556542559880e+03
2.993842690276005669e+03
2.407592112646593250e+03
9.723760406427238195e+03
4.106874836093457816e+03
9.101368552076641208e+03
4.611042240801551998e+03
8.710827561488553329e+03
3.452005711990326745e+03
7.557886551076288924e+03
8.594156504016791587e+03
4.974346275180472730e+03
4.435547835315394877e+03
1.018713224929222179e+03
7.534840341610874020e+03
1.606445991268373973e+03
9.251995703208594932e+03
2.897261559085434328e+03
7.210876218398253513e+03
5.771662203078804851e+03
1.264054765387825910e+03
7.506716686671409661e+03
7.948253026286229215e+03
8.124971794124480766e+03
8.506760041334868220e+03
4.664331428933935058e+03
5.566860770798863086e+03
1.449077990779335096e+03
9.515333225374088215e+03
9.410484576492861379e+03
9.266626740130035614e+03
5.506484775491631808e+03
3.293008260843617791e+03
1.678273529939740683e+03
2.166308340917619716e+03
8.903988771403981445e+03
1.848284406033742243e+03
7.499206754587165051e+03
6.004107595990340087e+03
4.277905575728466829e+03
8.275777083431376013e+03
7.480003968699189500e+03
9.173899154902347846e+02
9.288329023131913345e+03
6.168875193489307094e+03
6.521482801284418201e+03
1.129255356025973697e+03
5.545533733053159267e+03
5.287102725564061984e+03
7.645220561002677641e+03
8.793768322714962778e+03
4.543215687466651616e+03
8.982084248827230113e+03
8.605890221669937091e+03
3.355649040319554842e+03
2.609164551575755468e+03
3.592561060456108407e+03
5.955351992607204920e+03
2.259156854064101481e+03
9.800137422499215972e+03
4.100637975626758816e+03
4.724660723553765820e+03
1.013945076026056768e+03
9.830068960893324402e+03
9.466162294592294302e+02
7.440824066334144845e+03
3.724354495605848115e+03
8.487436204856860513e+02
5.043341786045357367e+03
9.054185657952075417e+03
2.564603175436789115e+03
5.658459008970288778e+03
5.785989039946749472e+03
2.895845490815090102e+02
1.034941439852420672e+03
9.139401314894308598e+03
1.744156279128266533e+03
7.491800882248385278e+03
3.637523077646591901e+03
6.589123556840256697e+02
5.555177196497039404e+03
1.416071392567415160e+03
7.682863604328996189e+03
4.984199648863874245e+03
8.938320921376831620e+02
1.097131416103892889e+03
6.903580486387595556e+03
5.442402270144062641e+03
3.087585886685759760e+03
4.676649655154955667e+02
1.485015689869995185e+03
7.108336854610230148e+03
4.702704327525421832e+03
4.648802894798375746e+03
2.335089092100650703e+02
7.898990283961595196e+03
3.825011887743264197e+03
2.960800606410571618e+03
4.671955490399604969e+03
4.127303477478297282e+03
7.779649323893584551e+03
7.739818619824387497e+03
6.812484757960292882e+03
2.388487605275732676e+03
5.553626419687218913e+03
5.747821195402996636e+03
6.501975656399506988e+03
3.588172244254504676e+03
5.717902214289638323e+02
9.849349358672243397e+03
1.698081916578885057e+03
5.024531748039168633e+03
9.715893680131757719e+03
4.022375035001010474e+03
3.389768036702340396e+03
7.093186082740909114e+03
9.046656063019376234e+03
1.686162969138230494e+02
4.851105080855256347e+03
2.122666357724217960e+03
4.020262908645946482e+03
5.261608981181900162e+03
8.194432368400546693e+03
1.884300003395163913e+03
8.740784813177284377e+03
1.222983453204732086e+03
1.440825636207763864e+03
5.902937745723885200e+03
7.433957445566555180e+03
9.696178019403436338e+03
8.183544306334121757e+03
4.753550905492372294e+03
3.433655891101633642e+03
8.521299022592666006e+03
7.789612365027313899e+03
3.692305786366493521e+03
9.108289333653002586e+02
8.865273403067193385e+02
2.213128516250649227e+03
2.475998412110730442e+03
4.694726174686890772e+03
7.407985508728245804e+03
1.491405659521901271e+03
4.965970608729292508e+03
4.303023857734866397e+03
2.063738285518280463e+03
5.523979196768546899e+03
8.250778067521967387e+03
2.933743963020025149e+03
4.814105398119640085e+03
5.785380285336354973e+03
4.508114700894902285e+02
5.344473163435191964e+03
4.757158943422618904e+03
2.686361742649984990e+03
7.662579402324432522e+03
7.241424728835209862e+03
4.261543487032249686e+03
8.617278100617193559e+03
5.080417775708606314e+03
8.021839919734796240e+03
6.763907028667332270e+03
2.543832926275282261e+03
5.428429255491846561e+03
8.797158454645372331e+03
7.118075163540767790e+03
4.421216457380339307e+03
2.199654263585980971e+03
6.120867893612418811e+03
2.746643980657101565e+03
4.526337301911635222e+02
6.345698434366512402e+02
6.687634308105901255e+03
1.655779049187989585e+03
8.554998444263324927e+03
9.328245788380170779e+03
6.784735209091984871e+03
6.641202939926964063e+03
6.585839501538703189e+03
9.264262269560367713e+03
4.108445654897315762e+03
2.591308583207260199e+03
1.970020073721153040e+03
6.872140876766665315e+03
6.524413320605659464e+03
8.028509149069528576e+03
8.887084369527958188e+03
9.426939405201113914e+03
4.894432188273704014e+03
3.576674378670342321e+03
4.779178683156198531e+03
3.093111024855793403e+02
8.570881400734129784e+03
1.878813561399580010e+02
9.577974460528124837e+03
6.638364876570855813e+03
3.262943530067499069e+03
9.642833712436147835e+03
7.911195466580573338e+03
4.257453304813642717e+03
2.632524400413702097e+03
6.525342547836961785e+03
1.588049345682913781e+03
1.879460727701562746e+03
1.358780455302387281e+03
2.663405454166228537e+03
5.289803958720712217e+03
7.396305085064034756e+03
1.132302825468171704e+03
1.681948866076149216e+03
8.013339012666104281e+03
7.447981075392565344e+02
4.670438390653930583e+03
4.812452728106859468e+03
7.760315828183195663e+03
5.107592929191400799e+03
8.831093216218461748e+03
9.288694736572495458e+03
5.218419619613995565e+03
5.156565094905479327e+02
9.540177172835299643e+03
5.261313047906056454e+03
2.926009641346317949e+03
1.358474470929891595e+03
1.884194446636003249e+03
8.680799472501925266e+03
2.849551779716772671e+03
2.882190204229196297e+03
7.030931953353499921e+03
7.164740026772032252e+03
9.016292912245222396e+03
1.531151956985620188e+02
6.591736208028728470e+03
9.082515465046501049e+03
3.722148906000390070e+03
8.062639289792500676e+03
4.499193264025931057e+03
4.695803569701560264e+03
9.450866957179023302e+03
9.110434536297188970e+03
2.010846973537431950e+03
7.901276318094141971e+03
9.538242657570388474e+03
7.845801641861445205e+03
2.285816927918941019e+03
5.101559981670402522e+03
7.244980918970008133e+03
3.714698243160690708e+03
3.934863104828255473e+03
1.011432387269445314e+02
6.821067378822042883e+03
4.361486572604835601e+03
7.970667582020065311e+03
7.037984916096859706e+03
5.792994304831455338e+03
9.035804979765774988e+03
3.501935645548702269e+03
3.442008350474533472e+03
4.708259079728233701e+03
9.255493212020553983e+03
5.689043742699573158e+03
8.877606153966295096e+03
8.208707593463067269e+02
7.203410666930788466e+03
9.869152221344495047e+03
9.088877877161197830e+03
4.869667930926956615e+03
8.013939396235034110e+03
8.160400599530658837e+03
5.376229227183775947e+03
7.972278869791105535e+03
7.800562710149928535e+03
6.640608141175965784e+02
6.941318674774566944e+02
1.681031494144424187e+03
4.589262895360962830e+03
7.933063998371428170e+03
5.449576589631401475e+03
9.544762153144582044e+03
8.173044432830647565e+03
9.067476865188149532e+03
2.116244491091045802e+03
7.129522221081578209e+03
3.289204676859887968e+03
5.361611388936313233e+03
9.953527864858755493e+03
6.300704017404108527e+03
3.533354813294498854e+03
5.485386618590623584e+03
9.267676840624124452e+03
8.397107910956095793e+02
6.052827037425428898e+03
9.972919258344514674e+03
4.197079389855515728e+03
2.616829576118046134e+03
1.521535104640253167e+03
9.596385605369894620e+03
8.850507748365233056e+03
8.655320059205772850e+03
9.313445162443476875e+03
1.525327622320964338e+03
1.990949191691283431e+03
6.968723459830561296e+03
9.332329003586137333e+03
2.555461480008737908e+03
4.444558733162078170e+03
4.493303092573944014e+03
4.728357291050523372e+02
7.310389532390055138e+03
2.439993172186701031e+03
6.754368223623954691e+03
9.443355930471539978e+03
3.998129406759456288e+03
3.800654836694419828e+03
1.407256298102629160e+02
1.260445857231631635e+03
2.880128448362525432e+03
1.596350940566576583e+03
2.672761806478275048e+03
6.205979542627820592e+03
8.116097870435125515e+03
7.431129748414308779e+03
5.723608464082995852e+03
6.429732970095789824e+03
8.147843688302182272e+03
9.378735221601828016e+03
6.043585725791617733e+03
9.492699157967415886e+03
6.746290918043773672e+03
4.848070778420978058e+03
5.487607605405040886e+03
1.396844142033586991e+02
2.802004106135821985e+03
7.024892183485076202e+03
1.769712647744258675e+03
3.145787902965510966e+03
1.960455534536333744e+03
3.072254552746919671e+03
9.245188495254869849e+03
7.391609035880513147e+03
1.627278412090363418e+03
4.699887781648541932e+03
4.637340210147648577e+03
3.317448071082101706e+03
8.444434999605071425e+03
1.920265482525305288e+03
7.544888953304654933e+03
1.857605288917697408e+03
4.276814524718686698e+03
5.370063473121218522e+03
8.360321973550793700e+03
5.430958086479150552e+03
9.482034179064954515e+03
8.463661717661596413e+03
7.545566635168109997e+02
1.935933282316072336e+03
4.209617101195330179e+03
8.784062882100886782e+03
5.979150507114459288e+03
8.225443489869845507e+03
9.788383216980635552e+03
