3.227522515243942962e+03
6.769160838244431034e+03
5.819585129821421106e+03
1.350929798291101861e+03
2.541070695644062198e+03
4.492158177062976392e+03
1.469657542529191005e+03
8.074714366223799516e+03
8.995995140380540761e+03
5.909094528082881880e+03
8.985385755098056961e+02
1.422760377055799097e+02
3.724557567366196963e+03
1.764199776190395369e+03
1.784174474634409080e+03
3.226483568026195371e+03
7.431605579296571022e+02
9.723643816748481186e+03
8.973211952805366309e+03
5.076542951867616580e+02
9.227139880998609442e+03
4.394959326662993590e+03
8.933136120474027848e+03
7.707682184253048035e+03
6.284020206900148878e+03
6.115624413048110455e+02
8.146025298629854660e+03
2.603155895028324267e+03
3.714829246019485254e+03
6.123648965926572600e+03
6.258572953839442562e+03
2.495660985999678360e+03
3.977389348625047660e+03
5.107779100022031344e+03
6.544197543002616840e+03
5.719436571168821501e+03
2.228912028874616226e+03
6.201018978318660629e+03
7.023218729635119928e+01
3.311794356537673139e+03
6.566209480177949445e+03
4.308932400383266213e+03
5.779507899752077719e+03
1.833906405235914690e+03
7.077569016476065372e+03
7.208667592141995556e+03
4.351836143871247259e+03
9.285708350470573350e+03
5.706051543155153922e+03
4.996294505123995805e+03
1.990097582646284877e+02
3.404790679251814254e+03
9.127212209347435419e+03
7.051090799266276917e+03
5.553706103128756695e+03
3.578194057054658060e+03
4.447225407235664534e+03
9.810617471775096419e+03
5.660606968205019257e+03
5.130521363199551161e+03
9.295207417266079574e+03
2.581901434799340677e+03
8.908330183748505078e+03
2.313491892621612351e+03
4.059265492687792175e+03
1.761298514286948375e+03
2.766470048637288528e+03
1.380077156575184290e+03
1.572605396282187257e+03
2.388291197538469078e+03
7.657663810545407614e+03
1.500597189975079118e+03
8.648604030978915489e+02
1.798471195035781136e+02
3.436133595646551839e+03
9.634414567070174371e+02
9.021133921429700422e+03
8.263654901719608461e+03
1.267419839479851618e+02
4.471057457355532279e+03
9.577308942017758454e+03
1.313586774263338611e+03
7.292808960726797523e+02
9.924514820676835370e+03
5.774453429384036554e+02
7.813157377849091063e+03
9.989584232739485742e+03
1.957377304384681906e+02
4.268722511642042264e+03
6.323845065969229836e+03
7.549361530167303499e+03
9.098000593077998928e+03
1.980395456366258031e+03
7.301198598497017883e+03
6.028165866329653909e+03
9.596966871734142842e+03
5.300394482726559545e+03
7.567522320715586375e+02
8.044265100852589057e+03
5.479110903301605617e+01
4.384323267888219561e+03
3.909054714880423035e+03
8.118051036056999692e+03
8.012164014827538949e+02
6.757452911299646075e+03
6.601575701323082285e+03
5.728728140739450282e+03
4.725232224753019182e+03
9.513945456543588080e+03
6.112499943231600810e+03
2.943187357094433992e+03
7.726243047092501911e+03
6.422086097238093316e+02
7.616838236216329278e+03
3.376424319816594561e+03
6.610538705415350705e+03
1.487665320239559605e+03
8.904519122845462334e+03
8.854074438570023631e+03
3.028143205627613497e+03
8.565348378118133041e+03
8.878968515606609799e+03
8.122294917101041392e+03
6.969893969616884533e+03
6.358055734070482686e+03
8.894858331602044927e+03
8.344839554444146415e+03
8.159315934672114054e+03
7.682944421584602424e+03
2.026946357676376238e+03
6.094908129326503513e+03
7.892361127952634888e+03
3.326886544846966899e+03
5.604052410348424928e+03
6.382286690161357001e+03
9.344239345747997504e+03
8.721861755430945777e+03
1.763194828338801699e+03
2.294015416635461406e+03
3.284852657050685593e+03
2.907391374615206587e+03
3.241398016131254735e+03
9.055409916088652608e+03
9.023092036778856709e+03
8.077218455859002461e+03
7.263300145016451097e+02
6.389163826061475447e+03
8.197065048051916165e+03
4.376290311056837709e+03
6.082847880469728807e+03
9.184770499070853475e+03
9.265774514133536286e+03
3.732761428736348108e+01
7.695405239414134485e+03
2.896661968443532260e+03
5.125088933570619702e+03
7.402555266797508921e+03
7.823962793908126514e+03
1.989888867992450514e+03
3.807947677023882079e+03
7.790401961514518916e+03
4.911067779901591166e+03
3.065145769628946709e+03
5.503286204654625635e+02
7.058900288888818295e+02
1.028854103816895673e+02
4.926763014734874560e+03
1.170324647194895761e+03
3.572579855934996431e+03
7.772654087585733578e+03
6.793272165785850120e+03
6.374573945934622316e+03
4.817650926033335963e+03
8.808039690193330898e+03
1.365133957621345417e+03
2.659603194081249057e+03
6.053773000435456197e+03
6.202996081155964930e+03
8.666163286733017230e+03
8.771767085933179260e+03
3.926703760773338217e+03
9.236801528698532593e+01
7.902773524217128397e+03
8.213903433903229597e+03
8.375824838484193606e+03
5.534345337367558386e+03
9.872797084905781958e+03
8.093846808735660488e+03
1.291485238855896341e+03
9.518524287917090987e+03
4.700719666414966014e+03
6.642272456078819232e+03
8.874498595531473256e+03
2.979322660046059809e+03
7.526518213188566733e+03
2.074588406246903389e+02
5.550353891715069039e+03
4.493442382821521278e+03
4.104152945626477049e+03
2.222698080874058348e+02
7.929696071282725825e+03
2.255936253600583768e+03
7.360997778264420958e+03
4.303155800682518930e+03
2.529158477372980087e+03
6.141218553158983013e+02
2.896225239836623587e+03
2.206864262003133717e+03
1.243234361195093470e+03
4.670784802694025529e+03
5.388203241626613817e+03
5.769967911735151574e+03
1.725444577046959012e+03
9.060271990347991959e+03
2.695446360060679126e+03
3.462727674945928811e+03
9.309687262962053865e+03
1.500086179374348376e+03
1.355829917816072793e+03
1.868518804371374472e+03
1.954331357713599004e+02
4.694446830430722912e+03
4.166551863289229914e+03
3.435483750974128725e+03
5.789160086397608751e+01
2.174566756007446656e+03
4.265547098624735554e+03
6.227400486198997896e+03
4.850837186325588846e+03
7.558739195860238397e+03
1.752775047006630871e+02
2.147492874897578076e+03
2.211806252996425883e+03
4.988984945693361624e+03
9.362086747524157545e+03
9.949939268084650394e+03
6.401080661021157539e+03
3.704092526320056550e+03
7.119494549312815252e+03
7.374554707580266040e+03
1.082644670958090728e+03
6.919186175252388239e+03
6.207510863054193578e+03
1.461193683363754644e+03
5.418332400629619769e+03
6.839699314068154308e+03
4.416598477958375952e+03
5.284573085741938485e+03
7.652338224905960487e+03
3.517597612250933253e+03
4.441158350897578202e+03
3.072766344276049495e+03
1.068611284116839670e+03
4.248860276282405266e+02
9.164028221983493495e+03
6.253387179600560557e+03
9.047904338272201130e+03
6.898266672135313456e+03
2.712092618528559797e+03
3.888139973290241414e+03
4.300926960354291623e+03
1.095309162034936662e+03
1.946109118964662002e+03
7.311334914055407353e+03
4.327916719115950400e+03
6.517312417243279924e+03
9.194886195853883692e+03
9.036920906626093711e+03
3.213385712691876392e+02
1.535783583075895194e+03
7.889425973818408238e+03
4.294789389486393702e+03
3.518272253741453824e+03
7.981128158148917464e+03
9.434445962195213724e+03
1.222683810274631469e+03
3.408021899113936797e+03
9.235489498492783241e+03
6.949596382865840496e+03
5.039595055102074184e+03
3.190906547517568924e+03
7.013278429547574888e+03
3.859182116658129871e+03
8.559205649893454392e+03
6.613631245243483136e+03
4.694557841230121994e+03
5.467287097549531609e+03
9.093544679805052056e+02
6.123941937432482518e+02
2.392163844531580253e+03
2.662631946484909804e+03
5.186592538912162127e+03
5.540693584771041060e+03
7.036928997955141313e+03
8.975235147029557993e+03
1.911859820942281658e+03
6.001035776357420218e+03
9.084683404251338288e+03
4.835571253409407291e+03
6.873054099494891034e+02
8.033508693546516042e+03
6.667215260044291426e+03
3.106894565767445329e+02
5.055470116496047012e+03
9.443494438779669508e+03
5.243199055272651094e+03
2.487886935004329644e+03
5.160308566301651808e+03
3.119330301917220368e+03
7.728321420020477490e+03
3.482322055526347867e+03
9.999846231566853021e+03
7.771373478070493547e+03
8.114890775451664013e+03
7.794798797680953157e+02
7.330345049940222452e+03
2.904229650746613970e+03
3.470978438577855286e+03
6.201798119202959242e+03
9.154974386819620122e+03
6.602796101899193673e+03
8.607396063984577268e+03
8.773044344600944896e+03
9.114791341814527186e+03
9.383383820762604955e+03
7.009577384744348819e+03
9.587043750859753345e+03
9.458574955858350677e+02
5.635085980971884965e+02
1.978982901024061221e+02
3.413570182383914016e+03
5.985240074543301489e+03
1.336204893915209141e+03
5.524039441080894903e+03
4.598904891737202888e+03
1.196514519440179811e+03
7.559192873029436669e+03
6.365450305196563022e+03
6.235804254923361441e+03
4.656850954296319287e+03
6.458980416978901303e+03
4.026933345565340460e+03
7.116956456201238325e+03
8.926521314679919669e+03
1.453786351597005250e+03
6.514725580517630988e+03
4.760678971630584783e+03
4.156597449324065565e+03
5.722292585780121044e+03
6.885718677197995021e+03
1.532936629594372107e+03
4.879923981702107994e+03
5.827532066877214447e+02
5.760595964417534560e+03
7.299339433033861496e+03
5.957603210231481171e+03
1.497110220965707867e+03
8.166288611090809354e+03
3.788336093171926677e+03
2.352768432597293668e+03
5.951082104274914855e+03
3.543967710793468200e+02
1.513482452651076528e+03
5.181845541725797375e+03
3.217432461402139779e+03
3.114207237280056688e+03
2.781277443829202639e+03
8.640772585136837733e+03
9.220261968146844083e+03
2.323107779299612957e+03
8.201506768126762836e+03
7.606335193521852489e+03
6.430854534414876071e+03
2.506322491839295253e+03
5.830543195172824198e+03
2.104959465472437387e+03
8.089353556408099394e+03
8.620448398499769610e+03
4.982072984359806469e+03
2.445887625970496629e+03
5.697858926732727923e+03
4.253795155252072618e+03
6.280814704308090768e+03
2.647583328569269270e+03
5.171799410165331210e+03
1.619524761142052284e+03
3.849776589447288188e+03
4.123742088681516179e+03
2.551507906912605904e+03
1.989072862618239014e+03
7.076640687665631958e+03
5.579863387916631837e+03
3.825044830375064066e+03
8.270876960195196261e+02
6.825681294752655049e+03
7.434185249742308770e+03
2.834036354740338538e+03
8.279332752709009583e+03
4.784805495196975244e+03
8.902482331338966105e+03
6.119668266723690067e+03
4.512900299368342530e+03
1.063154288955892071e+03
6.904803139293447202e+03
6.923109789744235059e+03
5.586575453428674336e+03
8.132486160834937436e+02
4.931028483702819358e+03
6.884061288659927413e+03
9.508533703033024722e+03
2.898669051553858026e+03
8.623632870101293520e+03
3.754396137740239283e+03
5.636737614034138460e+03
3.234290415111135189e+03
5.162219819449455827e+03
7.992508433355481429e+03
4.878655149301062011e+03
4.195526019463725788e+03
9.437424681612710629e+03
7.332618903989449791e+03
1.080506380442465797e+03
8.435158583413485758e+03
3.786392037974331288e+03
9.337352132451034777e+03
4.329312712419005038e+03
2.657747834198232340e+03
4.313202019371487950e+03
2.189592784542863683e+03
9.979593765620216800e+03
4.780217374625427510e+03
5.467546859810278193e+02
4.799710270311651584e+03
6.209661461862585384e+03
6.860397132304140541e+03
4.944344823539817298e+03
5.053693174258474755e+03
9.044750000597608960e+03
4.473035439180390313e+03
1.406861909723238341e+03
9.924022389469406335e+03
1.784272205228638995e+03
3.776029180005583385e+03
8.642245602914636038e+03
3.015167582036403473e+03
1.330262247416450464e+03
2.251282808325082897e+03
7.819253988970109276e+03
6.393216172907844339e+03
4.615102027474817987e+02
2.144177342031071476e+03
5.185589680687485270e+03
3.206065812163583814e+03
8.320021978732349453e+03
8.456038584483369050e+03
6.000000710998212526e+03
3.329047219969500929e+03
8.706701277758369542e+03
7.727310460848741968e+03
7.779498074791496038e+03
4.988284491047285883e+03
8.905985485554765546e+03
6.438750884995925844e+03
4.013231555468110855e+03
6.736024826878146087e+03
9.933051723780843531e+03
9.926495299423373581e+03
1.567541343355054551e+03
4.068635785925654545e+03
4.216351971800386309e+03
3.906846145598103703e+03
7.578417886219696811e+03
1.850899237730926643e+03
4.430092752279627348e+03
4.158754818522526875e+03
6.144161155527533083e+03
7.570438566610212092e+02
1.286998844692185003e+03
9.176222670741648471e+03
4.495460682963424915e+03
3.926174709997250375e+03
5.468989962855937847e+03
1.418552787784963357e+03
3.815499673784058814e+03
5.626566348166548778e+03
5.172210565379789841e+03
5.623615228899940121e+03
6.045672573340327290e+03
2.680374185125194799e+03
9.322392893876047310e+03
5.883224358808926809e+03
5.042003137899883995e+02
9.969097287517197259e+00
8.688708596334914546e+03
8.979555208419156770e+03
4.033065113432346152e+03
5.880832737244813870e+03
5.116048983104528816e+03
2.273002289872522397e+03
7.765835789183331144e+03
7.801623184131487506e+03
4.189633166125703610e+03
4.534419285140174907e+03
9.630563563757746692e+01
5.883488615063995894e+03
8.404227523777462920e+03
7.723897188739722424e+02
1.685594225260236044e+03
2.921093800223442486e+03
4.701274424576418824e+03
8.834949152859655442e+03
9.846615803255135688e+03
1.374448838461176820e+03
9.106805556825887834e+03
5.249035032805585615e+03
9.764147631284475210e+03
1.261019133433130492e+03
5.252491472450484252e+03
4.101301286426632942e+03
3.974393108203194970e+03
6.781986709094054277e+03
6.243831024965377765e+03
2.445060171520757649e+03
1.612809488389452781e+03
8.952256911873908393e+03
7.528306589205347336e+03
7.572728055008955380e+03
5.863550000446862214e+03
3.773665641832793426e+03
5.557245727779470144e+03
3.599016167431664599e+03
7.268907919051711360e+03
8.402171461795274809e+03
6.081451790346342023e+03
1.669153298849150133e+03
6.168011640187902458e+02
3.963702501246525117e+03
2.028296861291485811e+03
4.110989695399888660e+03
2.427460691884797598e+03
7.884713400033185280e+03
1.536671165441400717e+03
5.091061671120985011e+03
1.153674237333809600e+02
9.577955256082406777e+03
4.901521381142828432e+03
2.535283746689437976e+03
8.748110267318807018e+03
5.564716440554209839e+03
1.020093724495763013e+03
5.069405311828405502e+03
6.863610262934450475e+03
8.873716419222058903e+03
1.550792089362641946e+02
4.814532844387791556e+03
8.792755397172215908e+02
8.316181142954423194e+03
2.254516835179536429e+03
4.007300644486942929e+03
9.545049432955689554e+03
5.463579225121372474e+03
4.380929946572096014e+03
6.444662749338085632e+03
3.404874751832872789e+03
9.489866042079524050e+03
5.641830085577737918e+03
8.536915045491798082e+03
6.672570481749589817e+03
5.021164593823156792e+03
4.262823147596298440e+03
9.088366531625018979e+03
8.822944296971235190e+02
2.401650090930662373e+03
9.395998738795122335e+03
6.210140071678740242e+03
5.823338168620058241e+03
5.978739448552693148e+01
5.597239678012047989e+03
2.870930922225623817e+03
9.302754260579911715e+03
6.485330996575215067e+03
8.540985708712199994e+03
6.149920360889544099e+03
4.264897416790558054e+03
7.313892849650928838e+03
8.511734442804124683e+02
8.782586304636459317e+03
8.918995442617298977e+03
3.157221657013215008e+03
9.386935805646104200e+03
2.544037104817572072e+03
9.316335196300426105e+03
8.186065907418617826e+03
9.242768763544871035e+03
1.918535960107384710e+02
4.014313562492827714e+02
9.904051122077960827e+03
8.437974419544514603e+03
4.818641556510893679e+03
9.800469043803308523e+03
9.293130675737080310e+03
5.964671408510730544e+02
9.797589007553564443e+03
3.780257279889043730e+03
3.795658699371817875e+03
5.367525507403778647e+03
5.540366382110341874e+03
2.269478165445114428e+03
2.096160156502088739e+03
3.463031299576297442e+03
3.205176100738400237e+03
3.159648905329487206e+03
2.003340420737373051e+03
1.031754546366941440e+03
1.057412804308274417e+03
2.700361432326421436e+03
2.627583844767091705e+03
3.752746852729569582e+03
3.242021915999320754e+03
7.442705127991138170e+02
4.520588838394538470e+03
2.466073258989258647e+03
7.069469925471232273e+03
9.936952846877758930e+03
8.195914112499807743e+03
1.717270215901627580e+03
4.318518918979279078e+03
6.231808264852685397e+02
9.608125952557402343e+03
2.994677181048899001e+03
7.090562361877740841e+03
6.811592093968922200e+03
9.347451686501704899e+03
2.382662442933401962e+03
2.140841458652368146e+03
9.253323396105301072e+03
5.750283052944991141e+03
9.036492083892875598e+03
6.067813719697295483e+02
1.367918236562858738e+03
9.431322357789907983e+03
4.854541788859758526e+03
3.820410334031150342e+03
5.009370242397773836e+03
1.988635807729994895e+03
4.862169391478184480e+03
4.516483853408908544e+03
3.064366109536115800e+03
1.284346465012477438e+03
6.239863563569972030e+03
4.473610056394019011e+03
1.695605524861895901e+03
2.359102101625339856e+03
8.163833967897382536e+03
3.455272730133638561e+03
5.256468397034218469e+03
1.181329935751064795e+03
5.484496761785190756e+03
5.380394513053579431e+03
6.563838874543042039e+03
2.376503663974784558e+03
6.256798495632059712e+03
6.410460790370008908e+03
5.304176898280665228e+03
4.226558333333572591e+03
2.729674689636282437e+03
9.124503720668077221e+03
2.831645210692940964e+03
5.851443701409882124e+03
4.629118779583548530e+03
9.045953289599972777e+03
5.484460065309905985e+03
1.067300304156778566e+03
6.452185668705381431e+03
8.982578541196677179e+03
6.353918737326298469e+02
7.052370634026764492e+03
9.166482236641919371e+03
6.198973693424135490e+03
7.271475634191754580e+03
3.996754935746387218e+03
4.429747081061056633e+03
1.658826310303720675e+03
7.947482839239130044e+03
8.566361976530213724e+03
8.355765629115760021e+03
4.259541240604730206e+02
4.965718325839908175e+03
1.277455029315245156e+03
1.624287092963144687e+03
5.346030105941748843e+03
9.601509915092357915e+03
4.926077152202488833e+03
3.457113314901336253e+03
1.046836395234742440e+03
2.204519190759531284e+03
6.772680294217668688e+02
1.047277428551957428e+03
6.867991921782499958e+03
3.458785415816572367e+03
8.962151815337507287e+03
3.155932238794107434e+03
5.619736329352565917e+03
6.271853266413742858e+03
5.815500939440677030e+03
3.517704832176238142e+03
4.110887168923378340e+03
2.685909624265589173e+03
6.809438678913452350e+03
8.182023345607817646e+03
4.148858771866624920e+03
3.600982212489407630e+03
3.028374350718555434e+03
2.545280021715003386e+03
3.141275434779226543e+03
2.652729280993947214e+03
7.144572390646148051e+03
2.624127353342055926e+02
2.718327938245637370e+02
2.434250525109345290e+03
3.087371052245970077e+03
7.548474090278389667e+03
3.610686010006061679e+03
4.185800745989792631e+03
2.163929670479727520e+03
3.232880577381863986e+03
7.530092359474018849e+03
7.564427675472577903e+03
9.655851936412373107e+03
6.008684489397818652e+03
7.191692037976911706e+03
5.890620261147018937e+03
1.353994476208377364e+03
2.481426977318580612e+03
2.403718732114080467e+03
7.414475788666673907e+03
5.059693877018656167e+03
6.717435308591138892e+03
8.403269497652860082e+03
3.919918184593695059e+03
8.399114885966659131e+03
3.563742467707664218e+03
9.444189621205350704e+03
6.575567449958229190e+03
2.097070724479875935e+03
9.261981982990355391e+03
7.542150208148040065e+02
7.723373403508825504e+03
1.208653788985424853e+03
2.539849576624349538e+03
6.929619741788707188e+02
2.696189641702960671e+03
2.815952666016237345e+03
7.109440802812195216e+03
7.818608467891465807e+03
9.524981326190301843e+03
6.846777584854926317e+03
3.197267218537676399e+03
3.320445203339493673e+03
1.652100386973524110e+03
7.626942470992014478e+02
8.957890730567345599e+03
3.323971335574040495e+03
3.511849602558460901e+03
6.196260770253936244e+03
6.356781343700316029e+03
3.533038867060628945e+03
7.279921640454004773e+03
6.880146949845005111e+03
2.376677202559206762e+03
3.548852451385590939e+03
5.536448924672464273e+03
7.822022485790114388e+02
7.128247427034911198e+03
4.453653590197236554e+03
8.200788514496136486e+03
7.351988253054224742e+02
7.046519999785948130e+03
4.237064667116713963e+02
3.292765608689428518e+02
2.151763672464858246e+03
5.549499876138550462e+03
3.967142475488791206e+03
4.629800347263938420e+03
3.901164927224941948e+03
4.932531322474907029e+03
2.454178811693085663e+03
5.380934311575624633e+03
2.667873223298863650e+03
1.204590606633974630e+03
9.385190859096315762e+03
8.953642141367921795e+03
7.569705685396418460e+01
9.295650911291380908e+03
6.694460994166400269e+03
4.763163805998403404e+03
6.345490824175088846e+02
8.838711648973725460e+03
9.579865204709880345e+03
8.105025288974170508e+03
9.725998651885724030e+03
7.082686097862799215e+03
5.100265975385491402e+03
7.064636996814101622e+03
5.314305244566303372e+03
7.377377972025653435e+03
7.198820860747062397e+03
6.920033800647081080e+03
2.734484885422442630e+02
4.852718867713274449e+03
2.867162531031712206e+03
3.653849535941349131e+03
6.047515885273039203e+03
4.247738410971860503e+03
2.071747446867394444e+02
4.422550209998576065e+03
7.841057731826834242e+03
7.079695960105029371e+03
6.102769684115942255e+03
7.410605680075803321e+03
7.634983770253135845e+03
5.902319442543996956e+03
9.156914944139422005e+03
7.616053400482236611e+03
8.456926343231314604e+03
6.621871742987825201e+03
7.726998194108815369e+03
9.560399035756105150e+03
1.423651020891363260e+03
5.981063969114977226e+03
7.932242389296391593e+03
1.836030037316538937e+03
9.527886718650321200e+03
7.629579857775071105e+03
6.200493510588699792e+03
8.735525893987456584e+03
7.856256811108383772e+03
1.432891522482398159e+03
4.768421263348483876e+02
7.161469903737322056e+03
3.287955376618264381e+03
8.209853916979302085e+03
8.055645918842346873e+03
8.462280058253161769e+03
6.563613156987410548e+03
3.948154730071833001e+03
1.195808503472519760e+03
4.545328589692539936e+03
5.716498501079226116e+03
6.271661349909480805e+02
4.003436856139989686e+03
2.547422107129631058e+03
2.900654760504291517e+03
9.414108192569276071e+03
8.252456233961762337e+03
1.786127714247127869e+03
7.612672238605518942e+03
4.657720518818245182e+03
3.226780071928212692e+03
7.037558641981864639e+03
6.984627426473399282e+03
1.652616180139840480e+03
2.308757842982919556e+03
1.818278451593365389e+03
4.077648501627616952e+03
7.690633497677727064e+03
2.796294252199631956e+02
2.892810274854604359e+03
5.497744982105682539e+03
6.689803430637424754e+03
1.909262768141399420e+03
3.908376082172302972e+02
2.096801803286380164e+03
6.106567122875408131e+03
1.918040809415362219e+03
9.796711288311956878e+02
5.906023483920037506e+03
3.712417454972691303e+03
6.606961141193146432e+02
4.253919380660335264e+03
7.206517537684443596e+03
7.178823015286919144e+03
6.936513738384385306e+02
7.749288612647812897e+02
9.050807206621053410e+03
8.172956842475406120e+03
8.189103832956317092e+03
2.897289286761473249e+03
2.098991870691936128e+03
9.827131348143178911e+03
8.754282987665801556e+03
1.681092515871101114e+03
7.978160591727380961e+03
5.463738610406786393e+03
2.134228959505726834e+03
5.904316377327775626e+03
5.770465307816083623e+03
2.608889937568827463e+03
8.964183889108468065e+03
7.886445121464174008e+03
1.861189139976620197e+02
5.201092873427768609e+03
3.722583578377652429e+03
8.369941730794334944e+02
5.946408890965236424e+03
7.090588016298231196e+03
4.073632482238191642e+03
4.643369854368243068e+03
8.018839021923332439e+03
9.199021854893653654e+03
6.669260571678320957e+03
5.725731321679898429e+03
8.837761871066849153e+02
4.546380901085627556e+03
6.664000236262949329e+03
5.428341364709119716e+02
3.456416362793574081e+03
8.928442745469343208e+03
4.303401636500562745e+03
5.000245281445811997e+03
3.630092962280716620e+03
5.861012141272459303e+03
1.110721993701298061e+03
7.113638475084529091e+03
5.413770948102683178e+03
5.777053361872008281e+03
2.113744804077137815e+03
9.985553357845104983e+03
9.838032558022468947e+03
9.041142241289663843e+02
2.235143838530730591e+03
9.608718901731284859e+03
7.345944155696474809e+03
3.057115716225411688e+03
8.094183438789371394e+03
4.106998575739355147e+03
3.190798907963835518e+02
4.377010673559427232e+03
5.791821831636343632e+03
2.888066753213471202e+03
3.896423849589846782e+02
9.635952136603693361e+03
1.890906879228799085e+02
6.164504775758929327e+02
4.255852766842695928e+03
3.189232295692694379e+02
4.668866933942558717e+03
1.256015214776936773e+03
6.775920061780868309e+03
5.492650434180066441e+03
2.337460526094096167e+02
8.912598942350106881e+03
4.181569025067958023e+02
6.393323420172240731e+03
3.046430021464282163e+03
7.991356636491260360e+03
4.510482734011646244e+03
8.072142301230052908e+03
2.308291987027160758e+03
4.506990522554981027e+01
2.769591437909372416e+03
6.711202258731631446e+03
2.239627192384842601e+03
6.202756433229284085e+03
6.908996198361024653e+03
3.069784514427831255e+03
6.427089201568700446e+03
4.195523534747287158e+03
3.237170432836628606e+03
7.805603690779460521e+03
3.116561570389115332e+03
5.110031020695183543e+03
9.253202126003776357e+03
4.328836516033188673e+03
5.566625580897458349e+03
9.371024122038024871e+03
1.065030423392807052e+03
9.090737928936439857e+03
9.009318547100534488e+03
1.701157812931039643e+03
8.190127696840860381e+02
1.192207802363484234e+03
6.301200115871836715e+03
7.490787025242072559e+03
3.793907448163244226e+03
5.380105986815402503e+03
7.616157473226883667e+03
5.147459989160728583e+03
7.193253133769651868e+03
6.956139534340654791e+03
4.456150974658827977e+02
5.862502752776236775e+03
7.445898145658708017e+03
2.271346439900596124e+03
6.249980298145514098e+03
2.235035373456092657e+03
7.595167587502252900e+03
8.151648332929760727e+03
4.390089971789733681e+03
4.531900355015115565e+03
9.577724414759153660e+03
8.723604643054579356e+03
7.722398672407987760e+03
9.123813197623070664e+03
6.861063544074651873e+03
9.215251983418414966e+03
7.118229869109629362e+03
6.641604750981482539e+02
4.773611008586178741e+02
1.479260639650717621e+03
4.004144371972060071e+03
4.453457898134177412e+03
6.127730270837125317e+03
7.028047804023618482e+03
6.553186039606607665e+02
2.903464639787074702e+03
6.760923404658675281e+03
6.443691263336289012e+03
2.766605324579187709e+03
9.984654512683417124e+03
2.909224544132287065e+02
6.957620545173034770e+03
6.572334369920607060e+03
7.683427245816204959e+03
