5.312659726685209534e+03
8.366288423631895057e+03
9.552598047261599845e+01
2.478860869839634518e+02
2.458020849147684203e+03
4.770215359060543051e+03
7.107075706862553488e+03
4.269142422510381948e+03
5.631912041689951366e+03
9.131349234901383170e+03
6.216769423627822107e+03
4.883914123284165726e+03
7.693174182721322723e+03
6.443253518488184454e+03
6.851686710767835393e+03
5.126401681212715630e+03
8.308811918223960674e+03
5.653030048027183511e+03
8.123880522251642105e+03
2.549100367003622068e+03
1.596568141900033879e+03
8.184657503217284358e+00
7.397493578504616380e+03
3.580092006855669752e+03
4.427726198942886185e+03
3.521108140306408131e+03
2.468937301630160619e+03
3.348311024240805637e+03
1.883597626356670389e+03
2.377227915765039597e+03
6.514946206838097169e+03
3.637063020527697518e+03
1.283264330662993643e+03
8.952332304311121334e+03
4.556225637884548973e+02
6.300853872968524229e+03
4.685912100209085111e+03
5.855314788265044626e+03
7.039753534954504175e+03
7.308015288345221961e+03
7.576003829643317658e+03
5.670449527974057673e+03
7.632705263583025044e+02
2.101222413249988222e+03
3.931036871887461984e+03
1.285196672695288498e+03
9.971327136041159974e+03
3.135516961882850865e+03
9.865725164086359655e+03
3.553471127004382197e+03
2.583366030298711394e+03
7.096265263716070876e+03
3.310962035422401186e+03
9.514151436429232263e+02
4.929664704305342639e+03
2.270156556575671857e+03
9.158352069485565153e+03
7.129121638443336451e+03
6.597896147849475710e+03
8.160797846084501543e+03
6.414546580015667132e+02
4.072143257102186453e+03
3.265511815614657735e+03
5.971805798061587666e+03
6.946822085808448719e+03
4.476122475163688250e+03
4.955224088203586689e+03
1.480664900859696900e+03
5.450705473261050429e+03
3.493654020054255398e+03
3.425244077265891974e+03
4.693232446782395527e+03
1.024116426581915675e+03
9.664636954947045524e+03
9.075629526333055765e+03
1.111454364133307081e+03
8.775092062168852863e+03
2.204295568114576326e+03
7.104861728679298722e+03
3.564717390685744363e+02
1.610302505150778643e+03
2.889219189805421138e+03
5.856641459452548588e+03
7.608812298224594997e+03
4.433741471135694155e+03
8.052956847196127455e+03
9.395071766711862438e+03
7.918064491314961742e+03
2.012429377311540065e+03
6.521775132430960184e+03
3.599774601596419870e+03
8.073766341838967492e+03
4.719620887250968735e+03
4.723960913813514708e+03
9.516350615632134577e+03
7.314823304100776113e+03
6.017717397026919571e+03
1.840333478546659762e+03
6.455026943917809149e+03
3.451306760300444694e+03
9.056387024537496472e+03
3.891497621368763248e+03
4.150741518458319661e+03
1.563888986170826740e+02
6.963886623956516814e+03
6.947697476169065567e+02
1.457264132309511808e+02
3.659458605274164142e+02
4.651143858142268073e+03
2.279925925937714965e+03
1.559027482107018841e+03
6.507466578155239404e+03
9.271336579860751954e+03
2.533051435593803944e+03
7.603780844818849801e+03
5.352391033872227126e+03
3.307677249195820878e+03
3.360691626530833673e+02
7.110546555365173845e+03
4.354552600962081215e+02
6.416066753368789250e+03
2.795346270650220049e+03
2.500444733042758799e+03
5.741147032644954379e+03
4.783215876288134496e+03
3.874992688206639286e+03
7.412798000778556343e+03
9.778084351036346561e+03
5.546370544883751791e+03
8.450441305240584597e+02
9.664857403391804837e+03
1.105600464395356084e+03
6.255508995408505143e+03
9.169088612224643384e+02
7.761353549739586924e+03
9.859452921405427333e+03
1.551369631730971378e+03
1.113357120567187849e+03
7.015586727860870269e+03
5.838533272386463977e+03
1.612417074211864474e+03
6.892449283800936428e+03
6.404577905571039992e+03
7.537114177368807759e+03
2.941463250972933565e+03
3.077857000682255944e+02
6.751369699623839551e+03
8.624912160326517551e+03
2.375679332555817211e+02
3.900591336180052167e+03
3.919612969228208840e+03
3.921916952236903398e+03
1.499652550668832873e+03
4.920219338430581047e+03
3.208684633591029979e+03
3.755981576797542857e+03
1.298409188009362879e+03
1.418855204938824727e+03
7.946260482369149031e+03
5.138867138728126520e+03
4.342576785988830125e+03
3.617285695084200142e+03
8.404335172709265578e+01
4.245267646922449785e+03
4.952916895374351043e+03
6.113162154534399633e+03
8.040718729563241141e+03
2.343103675437468610e+03
7.834950364649302173e+03
8.207232147805743807e+03
1.179510064303186937e+03
8.917000936266180361e+03
4.907269184802377822e+03
9.302121128989259887e+03
9.060706055501685114e+03
2.286297127750889558e+03
4.136418941164866737e+03
4.117114099026494841e+03
2.115066461380050441e+03
8.544270308631403168e+03
4.236096065131607247e+03
3.961911282115211634e+03
3.356878256763009176e+03
6.257055405183537005e+03
4.555273507713521212e+03
1.801758361547455934e+03
6.669241043996250482e+03
3.286862838372877377e+03
4.905775540987110617e+03
3.913243377871938719e+03
8.401167825152520891e+03
4.086432540966474789e+03
6.161413991108850496e+03
5.864780324441614539e+03
2.804659401585701062e+01
5.965888471768170348e+03
8.486846118372784986e+03
8.395782178806948650e+03
7.975779133294532812e+02
9.703726823816581373e+02
1.999409173217910393e+03
8.802080154668094110e+03
7.243370879426926876e+03
3.531116756420347429e+03
7.493651718383308435e+03
8.743500447966491265e+03
9.947094883264662712e+03
2.802961164537543027e+03
5.724036753358998340e+02
4.716330819677742511e+03
8.012468793995006990e+02
6.529621800869294020e+03
3.183749549990325249e+03
2.001447896228919035e+03
8.887122410104700975e+03
8.127950332891698963e+03
7.158280125127444080e+03
4.401266929622400312e+03
2.404618566058031774e+03
6.931959498827588504e+03
8.873332317264832454e+03
1.155101044063651671e+03
5.388672584948079930e+03
6.535492876817789693e+03
6.392402994049463814e+03
6.648201353282822311e+03
1.186386023756449049e+03
8.581594848212040233e+03
6.184042540112659481e+03
4.534753125851661025e+03
7.408274374546325816e+03
4.178177627146278610e+03
2.458188538934831740e+03
4.163110423089604410e+03
4.084887351051780115e+03
6.493490791306176106e+03
3.406976739436547064e+02
9.467683054476756297e+03
2.120409164517337103e+03
3.952620360341177729e+03
1.457890167468798097e+02
4.335172481914209129e+03
8.101504043338785777e+03
4.391390372657268927e+03
7.488022565885505173e+03
3.550503975005688062e+03
6.840986179764961435e+02
2.883077448370955608e+03
6.532254471527747228e+03
4.562182229598683080e+03
8.395073270865730592e+03
2.306519463353734409e+03
5.403727502967171858e+03
9.690149931414729508e+03
1.440009949126483662e+02
8.011001493070433753e+03
6.877666428242227084e+03
3.337318249969238423e+03
8.446476723410031582e+02
9.641117256526722485e+03
5.195489713974367078e+03
8.731205766229961228e+03
4.755648913935011478e+03
3.628321280035597738e+03
1.519922222871701479e+03
6.170185503981027068e+03
1.109066791698487123e+03
3.481706903852139021e+03
2.859968895948453792e+03
1.153976785415382210e+03
7.240163148235487824e+03
7.972383931832097915e+03
6.572274219658583206e+03
2.867591660086223783e+03
5.567840061396205783e+03
7.274354336326152406e+03
7.948919521229452585e+03
8.351947804682271453e+03
7.222073780487464319e+03
1.999988047900948914e+03
6.785142002495017550e+03
9.719621046331465550e+03
5.328526586822667014e+03
5.094163515661499332e+03
7.706826285234035822e+03
8.872230712018361373e+03
5.236748379748638399e+03
4.683855960522706482e+03
2.868763304637904639e+03
6.891606468354560775e+02
6.995252628135003761e+03
6.385149444343373943e+03
7.754757573802147817e+03
1.511474284179361575e+03
7.071181485294931008e+03
2.515716804245222136e+02
9.366972794171337227e+03
6.507068279790898487e+03
9.543841231375368807e+03
9.314867437011345828e+03
7.237828293102980751e+03
7.278738848886283449e+03
3.239338958068624379e+03
6.202747457433472846e+03
7.786607227277722814e+03
1.351998702009859699e+03
2.383750713173219538e+03
4.939609177508134962e+03
8.620374607047855534e+03
5.653568436437074524e+03
8.547991777990993114e+02
8.899816014804666338e+03
4.390584857303223544e+03
6.768320889636827815e+03
2.420505699483595436e+03
3.359176370597108416e+02
8.830696591143761907e+03
6.310852406592920488e+03
5.102985140516758293e+03
3.337625046439579819e+03
9.683228555578749365e+03
4.095149456452027152e+03
4.816381208848389178e+03
6.600017777716827368e+03
9.617173688734716052e+03
5.657286236050561456e+03
8.392717885216710556e+02
6.580432330220301992e+03
6.774786755434105544e+03
8.096554943415831076e+02
2.470487228355902971e+03
6.075693549788324162e+03
1.367507283414177891e+03
6.829137094339412215e+03
8.373710927812138834e+03
5.663769784562127825e+03
3.014273061952209900e+03
6.989930128317018898e+03
9.230242284410436696e+03
9.168078640525218361e+03
5.459165283447117872e+03
5.645322952853712195e+03
6.339669646131725500e+01
7.097810303586665214e+03
6.495623714757691232e+03
8.340309145471259399e+03
7.508976142144932055e+03
2.782861187751054786e+03
8.610280954057654526e+03
6.518438142204931864e+03
5.034758137475975673e+03
4.403090504761012198e+03
6.568239278902289698e+03
2.639967228473994055e+03
5.742126636426613913e+03
9.411165100622692989e+03
6.124774826799587572e+03
8.151274220236622341e+02
6.044648672903950683e+03
9.619065180224150026e+03
3.300875652802208151e+03
8.565567680628730159e+03
9.811781213226870022e+03
9.695648979206433069e+03
2.443601407816001938e+03
5.171023472475286326e+03
8.533864578509803323e+03
3.855760914310900716e+03
9.568115150219846328e+03
3.389216942147708778e+03
3.103928990461667581e+03
5.583011989269556580e+03
9.399671904228697485e+02
8.284825342819232901e+03
1.873585692008171463e+03
3.610236621906522032e+03
7.178716485553042730e+03
2.003618761636510271e+03
1.176629866099374055e+02
4.363169160260463286e+03
5.100498341962757877e+03
4.052615791708384677e+03
4.691426194125199800e+03
2.086874353713754317e+03
2.595080050787948380e+02
9.931613579589662550e+03
6.866125043108817408e+03
1.711927292837095820e+03
9.670765664007709347e+03
5.486890960300199367e+03
7.457326209361653127e+03
7.758140918286233500e+03
8.733385818747879966e+03
9.553263471775942890e+03
5.575805737445641171e+03
8.559308899524648950e+03
5.933454822323854387e+03
4.257088169374466815e+03
5.612784281426628468e+02
7.027915038515172455e+03
3.354002146982281829e+03
1.992166277918297737e+03
3.979820050624461601e+03
5.974902923679615924e+03
4.493571792652562181e+03
5.228836924321140941e+03
1.823075179471583169e+03
7.735105909669921857e+03
5.963309608122298414e+03
8.991818532160054019e+03
2.640732797522548481e+03
4.287016266086916403e+03
6.816518772237708617e+03
3.533925369622004837e+03
9.368262269620494408e+03
3.857623277394164234e+03
7.467790181264277635e+03
5.479498982046648962e+03
3.680393166660022871e+03
9.522752962778660731e+03
1.215153143334184733e+03
3.729603152935868820e+03
2.172176913471163061e+03
1.052195533503522284e+02
7.474078235308977128e+03
8.391373949264510884e+03
1.419555867714785791e+03
3.595672633267882702e+03
6.190655322642409374e+03
4.115293034567389441e+03
7.302098807899643361e+03
8.302218067316869565e+03
9.874000829172604426e+03
3.582605311245642042e+03
1.463150561513102048e+03
2.315804869390473868e+03
9.526936890133771158e+03
8.959187488112582287e+03
4.054705956922484802e+02
2.175830955749951045e+03
1.547298788081642215e+03
3.511816466597046656e+03
9.234594082221167355e+02
1.954449563388339357e+03
5.972787841139872853e+02
3.994848623217108980e+03
2.755435325280838015e+02
6.264649547804905524e+03
8.822609319095003229e+03
5.443644207307083889e+03
1.854131850224318896e+03
2.383396417331734483e+03
9.971735309401612540e+03
5.263702021237435474e+03
2.230387323485368597e+03
1.979618559391945780e+02
7.974844341769441598e+03
8.024232819798869969e+03
4.824970586030036429e+03
2.053540456718123096e+03
4.289714785048563499e+03
5.518154823063279764e+03
4.616591589430207023e+03
8.860428247023090080e+03
8.208309383150521171e+03
9.478087632098753602e+03
1.587551267733412317e+02
9.238825861944573262e+03
1.167870168061423897e+01
2.272562780867892585e+01
4.124544090170620620e+03
8.417332413059042665e+03
4.142385429588674924e+03
3.732184697293332647e+02
5.462763540897337407e+03
3.225052032784560197e+03
4.426635798674387843e+03
1.897484755695206104e+03
1.313487498716564005e+03
8.625932030762294744e+03
3.432630177498122521e+03
5.587598226135321056e+03
2.063248070729586743e+03
6.777874153358090553e+03
5.082732519986300758e+03
7.894320034560481872e+03
6.887089905575105149e+03
2.331594180126674019e+03
2.559912649982863059e+03
6.511890014761959719e+03
1.609565996164198623e+03
2.685618279756951779e+03
2.802434858548967895e+03
4.987878799508885095e+03
9.173972148085003937e+03
2.225767357535218252e+03
1.567937818466496310e+03
7.373710519401965030e+03
9.539460040646199559e+03
6.511869318691671651e+03
6.386915708291382543e+03
6.965101229995994800e+03
1.259312580783319163e+03
9.301008853185136104e+03
6.227221924777678396e+03
3.541578207537595063e+03
4.945212260225550381e+03
7.007008434820347247e+03
1.732402206711284634e+03
3.762665146214286324e+03
6.106453783219465549e+03
7.125348517108686792e+03
8.543040465543571145e+02
7.261780051472901505e+03
3.422338508258118509e+03
6.608838406045243573e+03
5.217840872699537158e+02
2.432276147408800625e+03
4.733021930759944553e+03
9.348266290044294919e+02
8.437011119314098323e+03
3.040222224625691183e+02
7.389171278621003012e+02
2.957407802645980155e+03
2.132364704524989065e+03
5.649169230202375729e+03
8.775478890263580979e+03
1.310213964229179510e+03
5.039555565870606188e+03
1.907802460203831060e+03
9.646715926942551960e+03
6.359333124155870792e+03
4.342498545176779771e+03
2.957027344539267688e+03
9.070010681136398489e+03
8.242966661263193600e+03
6.916786517026283946e+03
4.520212480691405290e+03
9.524505517593244804e+03
5.344456014451158588e+00
4.898437284548072967e+03
1.065105177451982627e+03
7.732822128033059926e+03
3.234058594774759968e+03
1.230591085824693664e+03
5.291438320949506533e+02
6.241370973751736528e+02
4.569130988283622173e+03
5.837701466729772619e+03
9.741934846469452168e+03
2.516945987385868193e+03
2.166103423783513335e+02
6.546333521362579631e+03
3.697584147508736805e+03
5.822857943721299307e+03
5.020082331686709949e+03
2.861287124083160052e+03
6.587674895851879228e+03
9.691838198559495140e+03
5.837789042845083713e+03
9.555932900044022972e+03
3.784836027502973138e+03
2.074507493906394302e+03
4.290762723237137834e+03
2.047720583365259927e+03
6.288994745912416874e+03
4.601487093340540014e+03
3.546689569995951842e+03
3.886052396785527435e+03
5.677502213105783994e+03
7.855817817435164216e+03
1.504995251518709438e+03
8.167414826858550441e+03
3.155841040865835566e+03
9.560325274140792317e+03
3.500916778130847433e+03
1.568166706250939342e+03
6.643888843577167790e+03
8.035123836256713730e+03
9.468238021593986559e+03
3.387053611347861988e+03
1.601910618146163188e+03
6.317320264743761072e+03
8.525985283768894078e+03
7.154492557869984921e+03
6.897740381807105223e+03
6.080413023271509701e+03
7.832728812873274364e+03
7.311999738750165307e+03
5.705279843744921891e+03
4.070162772845127165e+03
8.890208973102488017e+03
2.957661006844682106e+03
9.687344363047561274e+03
4.270223556458136954e+03
5.288876300681496105e+03
1.107798682919647717e+03
6.059775132413925576e+02
5.085621698611239481e+03
2.788732293509191095e+03
2.477185707118775099e+03
5.462824333438560643e+03
1.000680658654454305e+03
9.919120899889152497e+03
1.886730754286033743e+03
3.173873937172164688e+02
1.595166577856890171e+03
5.155199927630440470e+03
3.851189709187043718e+03
4.169673918081110969e+03
2.307001201956688419e+03
6.843074589668219232e+03
4.505607322954251686e+03
6.800153885879172776e+03
6.004342055616192738e+03
5.198722053519288238e+03
4.240379828884378185e+03
8.471918387087525844e+03
2.047795985827580125e+03
5.399636048456639401e+03
4.269314601240604134e+03
3.938790278941884026e+03
5.318613131926682399e+03
6.839022438827680162e+03
7.845725274690369588e+03
8.799655933440595618e+03
3.879472670684813693e+03
2.727131058283319362e+03
6.679798060416911540e+03
6.477789874836257695e+02
9.269814227000997562e+03
8.556216194632447696e+02
8.045195228897101515e+03
9.713555273017931540e+03
5.194599261368140105e+03
5.318781243378007275e+03
8.016873239941727661e+03
4.197623040113128809e+03
9.678776947190202918e+03
9.706849078620256478e+03
2.827534256583999650e+03
4.321606424208834142e+03
8.699384860245351092e+02
7.002658682925348330e+03
2.188712488872767608e+03
1.326908008890028441e+03
8.175464091639743856e+03
1.833165798511647836e+03
7.859438846181649751e+03
9.043420099370998287e+03
7.859240343233006570e+03
7.388865189734654450e+03
9.310015071358900968e+03
7.599677233685458305e+03
4.332777097677692836e+03
3.138798492834783701e+03
5.969752739578568708e+02
5.421015022041327029e+03
8.884986971273550807e+03
2.553902710805369054e+02
8.191036306424433860e+03
7.995386956224083406e+03
6.683323106709714011e+03
8.587958483893473385e+03
7.083709973471026387e+03
4.202714982057462294e+03
4.949037781307918522e+03
4.262585749783572282e+03
1.069949699228210648e+03
7.754356898330753211e+03
7.420165550714358687e+03
8.671733166860713027e+03
5.559621577906451421e+03
3.075330580942921642e+03
2.003362843366200195e+03
5.476423832854669854e+03
2.846601253431823352e+03
7.776365710529817079e+03
1.922370380072770558e+03
8.198432922998050344e+03
5.447721123187104240e+03
7.704725301523664712e+03
1.999151124776174356e+03
5.436465982114085818e+03
8.084992910340913113e+03
5.318189239779970194e+03
5.566544247785430343e+03
6.219568535274348505e+03
1.161276249218294879e+03
8.166753676769639242e+03
1.156906862839148062e+03
6.692909699290286881e+03
5.525878155286895890e+03
5.803353098116229376e+03
3.608000128030793348e+03
3.599007698605391397e+03
6.188721210260591761e+03
1.927591083077542180e+03
5.678197640098313059e+03
2.954123732860093696e+03
3.972192582232103177e+03
2.292767490345530405e+03
9.853078750882181339e+03
7.059758214986687562e+03
2.381440611834332685e+03
7.481229745331311278e+03
7.968303343766096987e+03
2.784614943211283844e+03
5.120933257288756067e+03
3.226968466395112500e+03
7.877116462203345691e+03
2.982961994923310613e+03
4.434767003715271549e+00
6.702375018259651824e+02
1.082053900319260009e+02
6.439979744484370713e+03
4.979626346323133475e+03
8.413320945862309600e+03
8.423072733266684736e+03
5.372384106707950195e+03
9.448400275998768848e+03
3.674908841703421331e+03
1.925203762342054461e+03
9.598197989325079106e+03
7.873819660584682424e+03
7.051655302504734209e+03
7.404948845217755604e+01
5.089725201859159824e+03
3.898849830156228109e+03
7.751885488890478882e+03
8.530083533514483861e+03
5.769725986853558197e+02
2.507344198972918093e+03
2.327025795697560170e+03
1.025871764979369573e+03
9.545197593954686681e+02
2.672245906454641499e+03
4.188612793761602006e+03
1.845973128026743098e+03
1.493610506001436534e+03
5.048388545238413826e+03
8.800636808071702035e+03
2.980013493117563485e+03
4.009381456975173933e+03
7.942287834735372599e+03
4.746408341091349939e+03
6.364862967223484702e+03
6.999006024395806890e+03
8.654267068198043489e+03
6.218240226153958474e+02
5.096437187817615268e+03
1.856801002563323664e+03
1.188924593979050087e+03
4.545431705725379288e+03
2.692928104022952994e+03
7.604078262256297421e+03
4.771753196692419806e+03
3.640354820030353039e+03
3.676952309942643637e+02
6.924611163425520317e+03
7.223457848487276351e+03
3.000908331731702219e+03
7.168953162328179133e+03
1.313973246427478443e+03
3.470068497377108656e+02
4.684398520716717940e+03
6.028184285586933584e+03
1.954357734822477823e+02
3.858297874114126103e+02
9.071900510312267215e+03
3.819591878363808974e+03
6.479928355813261987e+03
3.563647215728814899e+03
2.829711925021395928e+03
9.260671003616984308e+03
6.899132146613042096e+03
1.256610140657584225e+03
3.199622519723114237e+03
1.455051994292546397e+03
1.975726098279250664e+03
8.815085468165714701e+03
7.766319473997686146e+03
1.428712816091207060e+03
1.543696296855447144e+03
3.433094104360388883e+03
1.965882202657609696e+03
3.217646782443384382e+03
5.977671530817037819e+03
5.384736806577280731e+03
1.449954565186374793e+03
7.886368078413028343e+03
1.422805106545499257e+03
5.503629483198312300e+03
3.425344701675938722e+03
7.700621932811905026e+03
6.239503281098252955e+03
3.628555113845991400e+03
3.323453060973064566e+03
4.288306001015808761e+03
9.838108628556414260e+03
8.462076968785086137e+03
8.456499261010929331e+03
1.747992072773011841e+03
4.294812732061870520e+03
9.378153818469985708e+03
2.633646284251113229e+03
3.629356587486763146e+03
4.090129186181809018e+03
7.655876385110045703e+03
1.505245736598082658e+03
6.241217202480350352e+03
9.908687095491957734e+03
6.683112872972208606e+03
1.231352635950692502e+03
6.732164749092426973e+03
8.735607760640497872e+03
8.042102244094723574e+03
1.894178306558901568e+03
3.885625614130275153e+03
8.690818199088844267e+03
4.403310118096830593e+03
5.968511087519946159e+03
2.095678497091010740e+03
7.558313352369308632e+03
9.046829861408299621e+03
5.786316248506414922e+03
7.660369305729409461e+03
4.547808589590740667e+03
1.166413648444242199e+03
7.542289699867656054e+03
6.425959060050497101e+03
8.740282092849090986e+03
3.601391840450836298e+03
6.876644918052696084e+03
8.665133926853744924e+03
6.893041648475638794e+03
7.995407385728003646e+03
6.529824673832217741e+03
3.964696857715916849e+03
9.193397448016921771e+03
3.417993385280398343e+03
1.014039505434121338e+03
9.631341322581731220e+03
6.590177126530590613e+03
2.797336458955016951e+03
8.976207327035301205e+03
5.116983622219067001e+03
3.494489489359717027e+03
4.440261168761921908e+03
6.714305106762559262e+03
4.095207647980923298e+02
4.382645028344659295e+03
3.309517234860554254e+03
8.633853129935214383e+03
2.114401078237858655e+03
4.079060505100198952e+03
2.961151543825205863e+03
9.915407448144693262e+03
1.773702694467015363e+03
5.380592713803394872e+03
7.173256676604342829e+03
4.004821599962021082e+03
3.399101336486405216e+03
7.331919419511630622e+03
5.055949028563668435e+02
2.786037551703021109e+03
2.848096126452226144e+03
8.648744715933431507e+03
3.854798429482893880e+03
6.273798574155319329e+03
5.965189617003075909e+03
9.261182196005731385e+03
2.520676211361717378e+03
5.556880638647136038e+03
5.640834231285562055e+03
1.954330731402060792e+03
6.488885423244437334e+03
5.929701405875683122e+03
2.321387578587854478e+03
3.571018008381563959e+03
7.348079905534912541e+03
3.489282541571251841e+03
5.284157833842478794e+03
6.656805395226684595e+03
7.238411216907630660e+03
9.690495824720477685e+03
9.896475863816931451e+03
8.275244206171770202e+03
4.531020796468783374e+03
6.428019124968538563e+03
1.238735710118623047e+03
2.540843294586450725e+02
9.988418597819454590e+03
8.061392866416144898e+03
7.677675782697824616e+03
4.073712208326992368e+03
1.034914686701363507e+03
4.449818337353485731e+03
2.592838349165355794e+03
4.066825711430588399e+03
7.500219085672101755e+03
1.289872948757803670e+03
2.909428728762313767e+03
1.986985614154949644e+03
6.565922182104134663e+03
1.923051598682457779e+03
3.056925779535692072e+03
8.724927337295715688e+02
5.374703493180368241e+03
1.354688065492083524e+03
7.643030164199562932e+03
7.972278502276973995e+03
1.914654905198082133e+03
4.083778841593381912e+03
8.836383241293238825e+03
4.907420314221973968e+03
8.848338620369066120e+03
4.171978576779346440e+03
9.513119142808994866e+02
9.899615140028907263e+03
2.321129864385688506e+03
3.782505500406480678e+03
5.009829576524287404e+03
9.066055550973986101e+03
4.154007106927344466e+03
5.367087970323495938e+03
3.481013652946854563e+03
4.572689184988177658e+03
7.775041641060820439e+03
6.488626086150055926e+03
1.931535431113554523e+03
9.216554614898275759e+03
3.679016130827250436e+03
3.171054589995173387e+02
1.454795802105320263e+03
8.179810417553204388e+03
2.865503835455067474e+03
9.939817833940969649e+03
8.306632441806323186e+03
3.210597050378158656e+03
7.171792615815724275e+03
7.438911143137089311e+03
4.174152229574504531e+02
1.749890466582187116e+02
8.104975074535336717e+02
9.913215279686151916e+03
4.346251469210548748e+03
2.267655973488583186e+03
1.115019980000174201e+03
5.040367810186067800e+03
1.988296906765789572e+03
8.387138208879667218e+03
1.727384859538773298e+03
1.040392185789402674e+03
3.825571941253103887e+03
7.262947889556566224e+03
1.388484511503540489e+03
2.464711240919842112e+03
3.714898698971922840e+03
4.620444271677788350e+01
4.998943272024012003e+03
9.603708975781493791e+03
8.907043537990299228e+03
2.334719580354778373e+03
9.920321158936971187e+03
5.196248219440645698e+03
7.658358633780541822e+03
8.452188981020493884e+03
2.271901637824091438e+02
1.508825755883754937e+03
8.478435529585736731e+03
5.827554286484169097e+03
2.399660707480479232e+03
7.658637834559436669e+03
8.177288993765120722e+03
5.128081443360115372e+03
4.361010063195444673e+03
5.935189049941044459e+02
8.738453087625688568e+03
3.276897841562773920e+03
9.248247392343902902e+03
7.825052111336572125e+02
9.041671992058676551e+03
5.784236050935029198e+03
3.450471849590527995e+01
7.759639499540676297e+03
1.037346865269162890e+03
4.519309272094343214e+03
5.184378416657417802e+03
6.073297372256502058e+03
8.656048541786758506e+03
9.686724116275750930e+03
7.220938117585524196e+03
8.443482284758551032e+03
3.533265378252008304e+03
2.172360240739118353e+02
2.639559303879377239e+03
2.966417076287221334e+03
2.797575571595346560e+02
8.454422957164564650e+03
5.300427935647435334e+03
1.743942892029104087e+03
2.746744453507285925e+03
6.369749991997831785e+03
5.920922547751591082e+03
9.818102170055220768e+02
2.380371437655201134e+03
6.639671501375821208e+03
2.198873830973246186e+03
9.806737512888601486e+03
9.794129892052944342e+03
5.599025715687935190e+03
5.070471274259865822e+03
5.050990336172798379e+03
6.101226929057121197e+03
5.769263850241733053e+03
8.301082937768145712e+03
8.827252641068336743e+03
5.075783011543474458e+03
5.407493174094687674e+03
7.118880064181070338e+03
6.239354446066394303e+03
3.895320009390936320e+03
7.961986719257330151e+03
