6.920969021119220088e+03
7.342216093779332368e+03
8.739608216011642071e+03
4.451556441462174917e+03
9.931416991472518930e+03
4.266831584147866124e+03
6.384604776696726731e+03
4.241750109306182821e+03
6.817047937709424332e+03
6.233259516057345536e+03
4.591710481542918387e+03
1.649064741941908096e+03
9.461219702692991973e+01
7.343711477591218681e+02
4.229167241414248565e+03
8.485111904684519686e+03
3.952704486097767131e+03
6.800367572317359190e+02
8.313839394151556235e+02
8.791609764417911720e+03
5.684762870394319179e+03
4.187897524823258209e+03
1.097013838825973380e+03
7.379733241791413093e+03
2.757425337819490323e+03
8.376555164223098473e+03
7.843596104657221986e+03
6.000047880988046018e+03
7.212171172938345990e+03
2.531369666051606146e+03
8.553271699719618937e+02
7.664091441854381628e+03
6.488910299469642268e+03
1.989326728606880579e+03
2.551455916431859350e+03
7.917139942592524449e+02
9.761905453965990091e+03
8.271108051137720395e+03
6.711077375508063596e+03
8.874493064803060406e+03
4.734639729976034687e+03
6.478609135652483928e+03
9.851197670556957746e+03
6.454085935976464498e+03
4.519118035372050144e+03
3.466993345647434126e+03
5.393448007648173188e+03
6.676978703123879768e+02
6.111882669880524190e+03
4.331018332007090066e+03
1.716647009718348272e+03
5.127609647806979410e+03
7.539361917259814618e+03
4.778390095069565177e+03
3.733963635248711853e+03
8.816918145346946403e+03
2.607678411591789995e+02
5.557934786079246805e+03
1.808512420223624304e+03
7.110504266117286534e+03
6.046360380644237011e+03
5.522773967880058308e+02
3.688148244022164818e+03
2.915095675961990764e+03
5.090202745352309648e+03
4.573243571591266118e+03
6.097431887948500844e+03
9.842958044542303469e+03
4.543858552450419666e+03
4.419848210736102374e+03
3.973006845926802271e+03
6.680819013500076835e+03
6.756192513138585127e+03
1.909702612589673890e+03
8.267489932559847148e+03
1.271839025315656272e+03
7.019963555625859044e+03
9.326260519793873755e+03
1.510744712556524064e+03
2.809278403886666183e+03
6.677187094882868223e+03
5.143995109452376710e+03
6.203588706938004179e+03
3.865939887159815498e+03
7.702718100793014855e+03
4.044465477235843537e+03
6.037070203465528721e+03
4.520417883381023785e+03
6.933105882334170929e+03
2.193759188031326175e+03
1.446944895261068496e+03
8.958535531119820007e+03
7.128606047672546083e+03
7.881737307970780421e+03
6.035418670966308127e+03
5.143706913874108977e+03
5.635642402021764610e+03
6.315641080816629255e+03
3.984945124625235621e+03
2.763432463447912141e+03
8.108535348517882994e+03
9.446069515165971097e+03
6.108199438097682332e+02
1.453749715418044389e+03
3.308270295879576679e+03
5.779120964512269893e+03
7.353018044465984531e+03
8.166983481058085090e+03
9.962734544693516000e+03
2.234276991964018180e+03
9.431018181242816354e+03
6.377531537797690362e+03
4.151208566667715786e+03
7.335287892865731919e+03
3.458301385192699399e+03
3.967665119942138062e+03
3.941614940365910115e+03
5.311750885513100002e+03
6.089817042152199065e+03
5.318844715536963122e+03
8.961359377323215085e+03
8.003682747405090595e+03
7.561225947126172287e+03
9.226039706405770630e+03
7.150844547116029162e+02
9.667433421516492672e+03
7.481711054628337479e+03
6.772169465017930634e+03
7.769775054829425244e+03
7.826402726886345590e+03
9.970256779637225918e+03
7.348911318130318250e+03
3.264382423127987749e+03
8.137704500614034259e+03
6.174397388517561012e+03
4.952040461019607392e+03
7.411236326951765477e+03
6.298998248443600460e+03
9.936048488892174646e+03
9.501582056065046345e+03
3.376418584314830582e+02
5.455154197028212366e+03
6.977644625414657639e+03
7.040346388756469764e+01
4.249758223415302382e+03
7.415347207081644228e+03
4.548767958951507353e+02
2.110279615880363963e+03
5.609140645412917365e+03
8.525830968616504833e+03
6.426468253745611946e+03
2.627102392506523302e+03
3.146432666663622967e+03
2.824383650902775571e+03
9.512623472579351073e+03
8.648894984968619610e+03
4.523469083441680596e+03
4.287854988356039030e+03
8.521338596024177150e+02
5.176174167793750712e+03
8.468946049313140975e+03
4.609281619915357624e+03
9.411776832042531169e+03
5.209839854550186828e+02
2.223808729499522087e+03
9.142548308257140889e+03
3.890938331316810036e+03
6.335301414944452517e+03
4.307383576058649851e+03
1.817218771407274062e+03
2.820658201714535153e+03
5.580868054975358973e+03
4.655857523300151684e+02
3.159035199591042783e+03
4.293205749946767469e+02
6.315992751870211578e+03
9.253370069849188440e+03
9.301949223019390047e+03
8.810660948902741438e+03
2.681461616564869473e+03
6.229859118917840533e+03
8.207876566010711031e+03
1.365912003746131404e+03
2.903237030217814663e+03
5.734860653219595406e+03
1.611112032366317408e+03
2.886109646162092758e+03
3.056288685741029440e+03
3.305218266380357363e+03
9.664390023320545424e+02
3.442381981597601680e+03
2.584048020938774243e+03
1.650053802476303872e+03
3.416388355637355744e+03
3.653474760921186544e+02
6.344868249863592382e+02
5.798304526696405446e+03
3.547017495470471204e+03
3.709395286313299039e+03
5.337142728030761646e+03
1.676388601775913003e+03
1.321015877510049449e+03
8.617617011278216523e+03
7.780980121108448657e+03
4.145233726078040490e+03
7.320047424168909856e+03
9.652266554209640162e+03
3.245605151235285575e+03
3.425188221470248664e+03
1.493219076629156461e+03
1.712965429562290183e+03
1.200347071120708733e+03
3.541522347672057094e+03
2.855839488053476998e+03
9.099883650912707935e+02
4.958947464473338187e+03
5.384883826698780467e+03
5.412305084813752728e+03
5.436696642899572680e+02
7.493629471239145460e+03
8.282875848332460009e+03
3.881823212587652051e+03
1.818017565900767750e+03
3.179126395835902713e+03
7.166356422164113837e+02
2.887357912991502872e+03
6.907691220277579305e+03
3.229647325835458560e+03
9.858709270778699647e+03
8.381708189209908596e+03
6.710375698446558999e+03
8.569999688549240091e+03
9.050495950363863813e+03
7.416546690623146787e+03
6.890345368128166115e+01
9.789937487403407431e+03
4.313558445760059840e+03
9.831966783232497619e+03
3.384492348613458034e+03
4.398269055574698541e+03
9.740314740267376692e+03
1.502618318416770308e+03
5.062022266473553827e+03
5.587845614798147835e+03
9.942065308628310959e+03
5.692607111797947255e+02
1.333525554350993616e+03
1.791755644570302138e+03
9.754592134724485959e+02
1.598564186194235845e+03
3.608181073856344028e+03
2.370348000092707480e+03
4.102525972185998398e+03
1.417779727979284417e+03
2.329055046125771696e+03
5.000142310284570158e+03
6.109164451617140912e+03
2.512184583663249668e+03
3.403452056197311322e+03
8.943199589745065168e+03
6.980886287841371995e+03
4.589722997802651662e+03
6.851061987796157155e+03
8.013049078358083534e+03
3.009625880406559190e+03
3.111649488969846516e+03
8.490668791242898806e+03
6.196158646613190285e+03
6.679158685430252262e+03
4.919914355660000183e+03
1.221568652051661502e+03
5.114614650063865156e+03
3.736188114467015566e+03
3.289285460443121792e+03
4.352976862602317851e+03
5.978416501870790853e+03
2.835391528415302673e+03
1.829332788984705303e+03
3.516906718654578071e+03
1.908347613324396207e+03
3.426579371107733550e+03
7.354188789670892220e+03
5.122068717914929039e+03
8.089899905041208513e+03
1.938311824665156280e+02
7.627783468878899839e+03
8.619128689187049531e+03
3.043058253960512502e+03
4.063814124870747037e+03
3.295670898502862656e+03
9.601044580277255591e+03
7.023631076511731408e+03
2.440861919297963141e+03
5.202920910140404885e+03
9.312457554142465597e+03
4.608302378698037501e+03
2.758195090942485422e+03
6.986442973084899677e+03
7.084450640391136403e+03
4.859258751632532039e+03
4.220877514244323720e+03
2.937560168054517362e+02
8.838202836381087764e+03
6.039293593828429948e+03
1.596626636343017708e+03
7.589798628573475071e+03
7.077764466584579850e+02
8.757150033642410563e+03
7.109332665398006611e+03
4.252758833420068072e+02
1.449335832040267633e+03
8.059558814855018682e+03
1.099475620834630718e+03
3.940077816120121952e+03
2.151095922706053898e+03
3.182628635096054040e+03
9.843085772445660041e+03
1.091627240467685624e+03
1.812181127950416794e+03
2.393960514666459858e+03
4.789618921604183925e+03
8.097495195444003002e+03
1.882674783723314022e+03
9.588152459526012535e+03
6.272192470844780473e+03
5.980163680006436152e+03
5.813767531710293042e+03
9.422858014611047111e+03
6.287758033205497668e+03
9.942623362806911246e+03
1.364446773659742348e+03
3.413432854048303852e+03
7.340022575423105877e+01
6.459482812844920772e+03
3.981191842599226334e+02
2.564506210557842223e+03
5.082676749249811110e+03
2.770211469675354692e+03
8.188891318782597409e+03
6.642102288831053556e+03
9.828416403899080933e+02
2.720754232882562519e+03
6.506368953803770637e+03
5.435298129270455547e+02
1.290052135755369136e+03
7.226790737474832895e+03
6.790458387105926704e+03
9.579424914903165700e+03
2.776472116857077708e+03
5.789080845557984503e+03
6.766817499991283285e+02
8.537173351484982049e+03
9.916301878768130337e+03
9.296212386613522540e+03
8.033651159066562286e+03
8.182887516404559392e+03
4.408730653667303159e+03
5.131601658987859992e+03
9.019937076786587568e+03
3.430046379604118556e+02
5.076457351808401654e+03
8.705438037953332469e+02
6.491868731707865663e+03
4.504439178127813648e+03
8.283867894192208041e+03
3.380369248421552129e+03
9.931051508102102162e+03
3.252477387688360977e+03
8.726241036831786914e+03
5.143030027377939177e+02
1.063720314005104456e+03
9.397919375684768966e+03
4.972226175192829487e+02
6.842949881866850774e+03
3.355477152265152654e+03
5.880701341348620190e+03
7.101351105603544056e+02
6.230008088108514130e+03
7.570886257695642598e+03
5.041243479164047130e+03
1.337317874784996093e+03
3.025103057161957167e+03
8.580720183200737665e+03
1.376703347761684881e+03
9.203106330793081042e+02
7.859496072889192874e+03
2.797242759421603296e+03
3.109748432897058592e+03
7.395097041959521448e+03
4.255041320775471831e+02
4.510147112032257155e+02
9.582082400689920178e+03
8.986197197078256067e+03
3.025624112351157237e+03
3.021903089961274418e+03
7.447580717082966657e+03
9.416525016782166858e+03
7.346828381255929344e+03
9.994640836153383134e+03
6.386016568158657719e+03
8.998764258503728342e+03
2.195952932897458595e+03
9.682323333473519597e+03
5.977654354970544773e+03
6.083832407923940991e+03
3.240650594510517294e+03
8.721324160151330943e+03
5.002123334821396384e+03
3.880536733165889927e+03
9.678407122710257681e+03
8.385260377937034718e+03
6.551345189719592781e+03
3.909578829057295479e+03
7.268114857727063281e+03
6.595568131944543893e+03
4.099270500547942902e+03
4.334163597791729444e+03
6.764455128587042964e+03
6.069452862282019851e+03
8.143733519699267163e+03
7.923695692443039889e+02
6.726258686948342984e+03
5.018869847959856088e+03
3.800767686077044800e+03
1.598699310119363417e+03
5.101628414994202103e+03
7.842474019745327496e+03
6.538280979587430920e+03
6.599482255174825696e+03
5.911213503345045865e+03
3.809759035189063070e+03
4.828816021690604430e+03
5.590839242477687549e+03
5.060814003504535322e+03
1.997711197063067402e+03
5.520671413999962169e+03
2.955018512417225907e+02
1.646960023516770207e+03
3.653324005622399000e+03
9.687098916303983060e+03
4.236963563440504004e+03
6.501366447505781252e+03
1.586353741212997420e+03
8.565097177897734582e+03
8.558725772404166491e+03
7.601263805921558742e+03
5.402216481565899812e+03
6.696665580883357507e+03
8.287171738248385736e+03
9.747373043758285348e+03
4.932784207545297249e+03
7.953337502320224303e+03
7.123871211588324513e+03
9.063260977955982298e+02
5.747180879476524069e+02
8.587451114682698972e+03
1.547936703664007609e+03
1.763784482968869270e+03
3.435574528225720314e+03
3.514854776743061848e+03
6.218186074653916876e+03
9.248209078654330369e+03
5.998337988895055787e+03
6.296261806477264145e+03
5.270921315530032189e+03
1.060177617730159682e+03
9.327256408366476535e+03
1.729000060137055925e+03
6.758477148905514696e+03
6.652559900187382482e+03
6.111581555416852098e+03
1.303828024469078400e+03
1.242338159744421091e+03
3.869012178862066321e+03
8.563031570376968375e+03
7.987155300889079626e+03
3.308930899883215716e+03
8.883111638298716571e+03
9.277262490456438172e+03
7.452130876017719856e+03
7.008767587972871297e+03
3.192577414498144663e+03
4.536947723392865555e+03
6.022188277197958996e+03
3.291365059074614692e+03
8.619449200592973284e+03
1.877061674790664938e+03
7.334421729602955565e+03
3.251334914992052290e+03
8.713036786383023355e+03
7.814243414324791956e+03
8.689901198338997347e+03
5.768427628624264798e+03
9.638693482091779515e+03
5.675657312336812765e+02
9.271535854764559190e+03
1.036755028725880720e+03
9.568143911352099167e+03
6.293113693053238421e+03
1.824913708448197269e+01
8.458091864754094331e+02
8.643970946741108492e+03
5.624998072102665901e+03
6.386639297347146567e+03
3.723799099845281489e+03
1.238171495220456109e+03
2.299802690939236982e+03
8.227195159806193260e+03
2.554891924837631450e+03
2.534727326108938087e+03
1.011263758461959924e+03
3.329739227602768551e+03
5.957225421145360997e+03
8.400479247315073735e+03
2.931270368668575884e+03
4.125019240951030042e+03
4.867218782685153201e+03
1.952441883917001633e+03
6.972059533388001000e+03
9.540262023775820808e+02
7.145668311585289302e+03
6.708726550377068634e+03
2.398478645550817873e+03
9.504550314652009547e+03
9.650510821497644429e+03
9.575257346446178417e+02
7.300429395654627115e+03
5.132827938604962583e+03
2.128628458175816718e+02
3.281441793510075968e+03
1.677740519118018028e+03
7.008170041183937428e+03
4.416567825217849531e+03
9.262452838401624831e+03
7.480022962563873989e+03
3.777003602188416153e+03
5.159436994119876545e+03
2.283562553144815865e+03
2.982487265288754770e+03
1.045601647413233650e+03
2.547239521824684743e+03
1.470328133090611345e+03
6.545678962959445926e+03
1.297124636487917996e+03
9.308651847547300349e+03
5.737618100243184927e+02
8.947304928922416366e+03
9.764920147533179033e+02
8.567769654024532429e+03
4.760488818482326678e+03
8.177576021049930205e+03
2.664919974578722304e+03
6.400367496321865474e+03
2.288388906063706145e+03
9.547900859595834845e+03
9.660052736285368155e+03
9.336569723190021250e+03
7.053425748095658491e+03
9.966128137548563245e+03
8.311975728684114074e+03
2.551967304398906435e+03
8.247488427084745126e+02
7.657015678792465678e+02
2.834221671212753222e+02
1.849292835749234655e+03
9.827742508241772157e+03
5.281900251235463656e+03
7.012404180746159909e+03
3.106553724896425592e+02
8.760821860403304527e+03
6.937042320319483224e+03
5.913909318604879445e+03
8.972082932753526620e+03
3.129150488952319392e+03
7.541268651257962119e+03
6.114365387892488798e+03
6.291920319481496335e+03
9.979080506488538958e+03
7.895464708019941099e+03
4.754892263730922423e+03
4.837348882517911079e+03
6.245354172521336295e+03
6.161699661790811660e+03
8.315504163247864199e+03
5.379714000891640353e+03
5.549169000482579577e+03
9.050008174704275007e+03
1.390489729830739805e+02
9.069035189183025068e+03
1.740510136710146980e+03
2.675625564426060919e+03
1.272926183072155254e+03
2.004122937744221872e+03
1.809027804153734905e+03
7.271400577761565728e+03
7.300154683180075153e+03
1.172850415998337439e+03
4.451268836400900909e+03
2.885647984215572706e+03
6.879716908190485810e+03
5.471302808012663263e+03
5.918890417894856910e+03
9.912374738025089755e+03
8.179330271303225345e+03
7.359873219042822711e+03
6.477872340115261977e+03
6.148964908081805333e+03
4.999713280243653571e+03
6.954082792868829529e+03
3.421608949428912183e+03
4.260815144837402840e+03
1.292312135459346564e+03
8.966806706777477302e+03
2.402344235460222990e+03
7.639593612105159082e+03
3.252709237107402714e+03
3.718754378448203624e+03
7.998009553550245982e+03
9.233843846900124845e+03
7.180042939583081534e+03
8.754847507190021133e+03
6.179774119358577991e+03
5.218083647253127310e+03
6.132262670277373218e+02
8.206584329765371876e+03
7.554998706670093270e+03
6.801587154833755449e+03
7.160261548765100088e+03
5.493719203230620224e+03
2.246183670067786352e+03
8.025924907542805158e+03
5.697410598488652795e+03
7.857611565530587541e+03
1.753636168855225606e+03
5.633496377545474388e+03
8.527091594064586388e+03
8.098802793651008869e+03
1.342403135349952208e+03
2.591921033422611345e+03
2.211681100489801338e+03
6.724003985528640897e+02
1.177141059443541508e+03
4.270998558340120326e+03
7.270623754131784153e+03
6.069238083276720317e+03
2.173806572261772985e+01
9.161226135425738448e+02
7.590525470621316344e+03
9.064948229508705481e+03
8.669554631792272630e+03
9.715873065963853151e+03
2.808958452414427484e+03
1.431272157757114201e+03
1.489532385354336611e+03
9.121440141924129421e+03
1.361539230676350371e+03
2.934914655604463405e+03
8.108858791284143081e+03
6.663260066457039102e+03
1.927896977214195203e+03
5.940393502528743738e+03
5.187656467973868530e+03
1.283216528619007022e+03
3.901136580371094624e+03
2.469992530936774529e+03
7.426227084408388691e+03
4.135198383566258599e+03
8.842716451016160136e+03
3.248763968751339235e+03
8.257069503003522186e+03
1.376002288863845990e+02
4.459733291347592967e+03
5.113827401248618116e+03
7.759793630085580844e+03
2.006058361721968140e+03
6.873351522799502163e+03
6.091877823928791258e+03
1.574953765164693095e+03
8.250684591252498649e+03
5.012631431523416268e+02
1.592146343417328353e+03
6.502165463328490659e+03
1.129773224231897302e+03
8.682693546646880350e+03
1.813242053811721462e+03
7.144110632349930711e+03
8.917333361566126769e+03
2.190062525288049073e+02
2.614051297923448601e+03
5.145435362791639818e+03
6.814044559535851477e+03
6.135091793010900801e+03
8.325238000482193456e+03
2.315097595134240692e+03
8.693425411790565704e+03
4.365320821768354108e+03
3.734477989537960184e+03
8.510073214700272729e+03
7.498374965725879520e+02
3.021108198178510065e+03
2.695470489477653700e+03
9.521531288786312871e+03
6.859687529234312024e+03
1.676612408035386750e+02
1.540324998265939030e+03
9.105570611314460621e+03
7.383022684051818942e+03
8.480254827468012081e+03
1.766653616405158800e+03
7.318096498256096311e+03
2.835426740160942700e+03
8.118875442769240180e+03
5.381090681175633108e+03
3.358084315807406256e+03
5.618140348775474195e+03
8.971614440459779871e+03
3.033999503484469187e+03
1.155025459646356694e+03
7.200824712740856739e+03
1.161462637041044673e+03
4.388032370814821661e+02
2.779233778332677502e+03
8.456388054556073257e+03
1.922498994623804947e+03
3.316204545269270511e+03
6.372311186442985672e+03
1.181948138703557788e+03
6.988877215575198534e+03
6.808213640696889343e+03
7.413979597496516362e+03
2.060470549267034130e+03
6.254406390192419167e+03
4.468507092134842424e+03
5.845058654536971517e+03
7.163769162150163538e+03
5.288335223984634467e+03
2.821041073223509102e+03
5.646486065229826636e+03
1.600463953546467110e+03
2.734165656436633526e+03
5.085181177990623837e+03
4.181734988284451902e+03
7.047362244933397960e+03
2.676125409047584526e+03
3.817147152755447678e+03
4.303438743617170076e+03
5.416736731102485010e+02
1.195201732218040661e+03
3.940622756695448061e+03
3.456759797914322462e+03
1.121669921138805194e+03
9.000792600036711519e+03
9.330907119294948643e+03
5.020124325818023863e+03
6.008283014127549905e+03
3.715690521300589353e+03
9.658071378320177246e+03
7.998801930009532953e+03
4.641827941984252902e+03
9.966701363262889572e+03
7.006465881957947204e+03
8.277588047815287098e+01
3.173250866321643116e+03
4.112997239560519120e+03
5.006638265199164380e+03
6.976308436016684936e+03
8.990627651452876307e+03
6.955042943294864017e+03
2.700885809723067155e+02
7.656487712611185998e+03
9.855016327408211509e+03
3.565872190117881473e+03
7.374342992497347950e+03
2.652021709089469368e+03
7.988316934423141902e+03
2.962714826550248745e+03
1.581720961168990470e+03
3.789852351490195360e+03
4.588090363098472153e+03
6.368625527945993781e+03
5.314890323396223721e+03
3.223652730151141895e+03
6.814451039266452881e+02
3.402802057647778383e+03
6.453605632256786521e+03
6.262321310819310384e+03
9.592220861264073392e+03
8.271386627956226221e+03
3.195569375469558054e+03
5.186832805390991780e+03
9.916558046906404343e+03
4.604906291033046728e+03
6.981130704749199140e+03
4.583687944958008302e+03
4.528031920315730531e+03
3.324397264961409633e+02
1.158009162824201212e+03
3.207864269178549534e+02
6.802339610986277307e+01
4.215882754633786135e+03
3.656374263972928475e+03
4.352080734497113554e+03
4.490548044351274257e+03
7.024789181701098641e+03
4.925547146060273008e+03
4.196035407830520853e+03
9.914111843011905876e+02
7.879174556968083380e+03
2.060838550405236674e+03
1.781533539380547836e+03
5.982136300633144856e+03
2.416108506010595192e+03
7.877097377411513662e+03
7.361554135295483320e+03
1.379058683549301350e+03
4.334522155005365676e+03
7.213225590561348781e+02
6.694864241751007228e+01
6.676242767569498938e+03
2.987032683364238437e+03
9.455788183624346857e+03
8.102286753728345502e+03
4.972575251387568642e+03
7.735874809527520483e+03
8.843679017527041651e+03
4.669849736266855871e+03
4.082676011530381402e+03
7.468825575224334898e+03
5.760598087585804024e+03
9.673922933718326021e+03
9.256040503513284420e+03
7.965274635903120725e+03
8.922463837518191212e+03
4.049142005621704811e+03
1.917829476695393396e+02
9.391209646743167468e+03
5.407400291680834926e+03
5.682375404099450407e+02
1.314258554048878750e+03
9.926341562972385873e+03
2.835647750232567432e+03
6.313231586932400205e+03
7.296264525591597703e+03
9.078661752772753971e+03
4.756950758984345157e+03
1.875248677600859992e+03
2.332727225430568978e+03
9.020610154589394369e+02
8.316240754118902260e+03
5.855225033638194873e+03
9.456965262592255385e+03
3.990577777518237326e+03
4.445619473667792590e+03
7.556953858230588594e+03
6.553216997116572202e+03
7.460405983873115474e+03
8.023944731461382617e+03
8.800348484729967822e+03
6.830514163599798849e+03
3.370664226679483818e+03
6.026332686221267068e+02
9.331516034791136917e+03
8.164645236198281054e+03
1.139613313053250067e+03
3.840035940069731623e+03
9.685997268396435175e+03
9.989601651376582595e+03
6.316015817937923202e+03
3.505473079314402867e+02
4.835241546113508775e+03
2.379566440599291184e+02
2.290513194121034303e+03
2.452740219387488196e+03
5.355935941580164581e+03
8.241422285056777355e+02
3.956408342061460189e+03
1.211577526104327490e+03
4.414135750816310974e+03
2.994729045601718099e+03
5.173893294217979928e+03
9.670928518278431511e+03
3.416488523799711402e+03
8.209324144140682620e+03
8.512485087258552085e+03
1.032576486817932164e+03
9.361209246646440079e+03
9.461301329067191546e+03
6.966859075937644548e+02
1.587171426136968876e+03
3.004113155908019507e+03
3.886546346522457043e+02
4.859249328691584680e+01
1.325582125600713823e+02
5.506005073471708329e+02
5.189266815009357742e+03
8.931689611056974172e+03
9.808742687275829667e+03
8.752157818311916344e+03
6.354871407697383802e+03
9.512421247377729742e+03
2.844291650141202808e+03
8.687734709346566888e+03
1.519176877048857477e+03
6.905008223553562857e+03
1.460923524842327424e+03
7.689239013859079023e+03
3.726615234206522018e+03
6.059860050414148645e+03
4.521736078467299194e+03
4.856145156999465144e+03
3.103282514609132249e+03
7.169456900882674745e+03
2.821378513814013786e+03
2.430217608743113544e+02
1.521279765071060183e+03
3.572343907758723617e+03
3.707734994972924142e+03
1.625885992129718716e+03
9.080280194920262147e+03
7.998851289178552406e+02
5.490269617354148068e+03
1.882790378319755519e+03
8.726731319140131745e+03
5.475310872610794831e+03
6.412118538317477942e+03
8.629012207153618874e+03
6.601118392634478369e+03
8.533895171762675091e+03
5.180703910394153354e+03
1.743787589026588194e+03
7.878122061787079474e+03
3.207398652622855934e+03
5.777523910091031212e+03
7.369503299542323475e+03
8.908693512030698685e+02
6.240017516068723125e+03
5.858186031584574266e+03
7.213365752418602597e+02
1.539355437952012380e+03
9.830797182771086227e+03
8.822501603166358109e+03
3.748105415444672872e+03
4.757164123547803683e+03
7.033736966434649730e+03
7.901002237403040454e+03
2.732873388474528383e+03
1.815853448412979958e+02
5.373063636490946919e+03
7.250239666625685459e+03
3.588423329625309179e+03
8.230020874789654044e+03
6.922891158701050699e+03
7.545160616684453998e+03
6.640967110397028591e+03
9.115328069319586575e+03
2.262074726895731601e+03
1.152276031089518710e+03
3.300261408870851028e+03
8.397162070841475725e+03
2.202787481008204850e+03
2.854605852414577839e+03
6.200923681416839827e+03
3.095002217951792773e+03
7.056598927277036637e+02
1.501431452371266460e+03
9.781032904608373428e+03
1.914515920119054044e+03
1.726640482955690004e+03
4.630000945732095715e+03
8.672785192176765122e+03
9.063914353838143825e+02
7.243489767494557782e+03
9.756741870413870856e+03
8.946896380108522862e+03
2.642913978445643806e+03
9.497268104178861904e+03
1.973264629314423928e+03
3.131392116294932293e+03
5.153220538529138139e+03
4.627677177860117808e+03
3.878884887592379982e+03
4.257541044596766369e+03
5.488096433736683139e+03
9.850073120519868098e+03
7.388783593035628655e+03
7.943662449786910656e+03
5.035154342539140089e+03
9.607202376063320116e+03
9.718327517203531897e+03
3.336149589745721187e+03
8.989274028403036937e+03
6.609710460137051086e+03
9.548560282377236490e+02
2.227479066309446054e+01
3.993720472373910525e+03
9.555947770305752783e+03
5.923217871143104276e+03
8.876482529205135506e+03
5.538453432762452394e+03
3.818256436104266868e+03
3.294637975456255390e+03
8.031890000596389655e+03
9.843180865827074740e+03
8.604568837340255413e+03
5.075088372367650663e+03
7.299144975957260328e+01
6.024052275915936434e+02
6.528647590106745156e+03
2.810720684017110216e+02
4.359316409135348295e+03
1.232971858249941988e+03
1.873718214476378989e+03
5.299542503986412157e+03
9.679472443617909448e+03
2.848182757335582096e+02
1.087129826903240883e+03
1.924649996453931919e+02
4.430419624315542933e+03
9.548228408533754191e+03
3.849051989268791658e+03
3.879792450971923699e+03
8.482941639322636547e+03
2.543279745591415121e+03
1.633595063045034522e+03
