3.468468947295937141e+03
7.412715816819721113e+03
5.906586733682188424e+03
2.178855125758724625e+03
7.039194483853802012e+03
7.434904567052878974e+02
1.944500753617222244e+03
5.834894074131755588e+03
7.794053985521097275e+03
6.551312081909771905e+02
6.868938560489204974e+02
1.211892762503591257e+03
9.713612796836214329e+03
9.672878111398691544e+03
4.799381006758399053e+03
3.932358133503562954e+02
6.895258211014851440e+03
6.924855071413642690e+03
8.608367593246750403e+03
4.282940317752694682e+03
2.110686247216146512e+03
7.492573846748540745e+03
3.794252719314427850e+03
9.774629449657661098e+03
1.728351254716011454e+03
5.982143952258964418e+03
7.523463937497390361e+02
1.720148074990937857e+03
4.110084573678598645e+03
6.569704196900876923e+03
4.983545720641882326e+03
8.081569917162530601e+02
5.376026249673825077e+03
3.693344336464972457e+03
6.219494202693954321e+03
9.514813929132506019e+03
7.355491107725751135e+03
1.546594956159245839e+03
7.268105167538348724e+03
1.164825523624879082e+02
8.251916495176636090e+03
8.813015240049229533e+02
4.229253446630732469e+03
2.402865268391018674e+02
9.269981772608281972e+03
9.592337618785417135e+02
1.356089344134940575e+03
5.745305611506700188e+03
7.396447744638495351e+03
6.362400956980876572e+02
2.024335670999658078e+03
6.884371884411500560e+02
8.260282869054482944e+03
3.142794848270152670e+03
7.029959577571365116e+03
5.735076948417726271e+03
5.299572371648211629e+03
6.950022855743956825e+03
5.306440334157847474e+02
9.715321240559449507e+03
2.905758404683982462e+03
9.262310679011388856e+03
2.280964136310795766e+03
1.230047465398939948e+03
3.158541530570855684e+03
7.834191773386409295e+03
4.859855813643228430e+03
7.602453894949310779e+03
8.509898427050288774e+02
8.030256476249656771e+03
4.481584778244809058e+03
7.986232537699997010e+03
4.540451030162877032e+03
2.442713079278063560e+03
6.762049499296300382e+03
9.524104879689493828e+03
5.891339900735041738e+03
6.795127184911504628e+03
4.638389930911069314e+03
8.290867838677495456e+03
8.069929555597042963e+03
8.870986980529214634e+03
4.134842654753831539e+02
4.355936765513913997e+03
1.545738914373152966e+03
9.911193175584669007e+03
6.864782588785201369e+03
5.779374731701018391e+03
6.312519597914457336e+03
1.649267279582606761e+03
5.615539604810189303e+03
8.987841373898401798e+03
2.348766141829212756e+03
1.566363510837753665e+03
2.475123888597437087e+02
2.621755761829879248e+03
7.216340253823745115e+03
2.686864224087268667e+03
7.534936569879735544e+03
7.460651238038633892e+03
3.316690872725083409e+03
3.725669359882240769e+03
7.481158751568645130e+03
8.992331309875153238e+03
7.919731192540095890e+02
7.835445439913895825e+03
2.907704771040535888e+03
2.859296885038460459e+03
4.467339629976901051e+03
3.552786523276391108e+03
2.877215940245948786e+02
6.753661435845036067e+03
1.907842093982678307e+03
7.411462789198586506e+03
1.151839342434764148e+03
3.649044295883580617e+03
8.514560476375268081e+02
4.930570475179116329e+03
5.413913177198021913e+03
8.176643505116590859e+03
1.388117714515899252e+03
9.006592921848427068e+03
7.414309565958576968e+03
8.819064273199210220e+03
3.277317545707525369e+03
1.611153724395002882e+03
3.876283191509625794e+03
3.868700686686006975e+03
6.076447153686461888e+02
9.094668136804271853e+03
7.003994169577508728e+03
4.380026809377925929e+03
5.083208673486115003e+03
2.297414431360696653e+03
2.542696449906550242e+03
4.362375267141710538e+03
5.858549612387841080e+03
1.650368668264939060e+03
4.815361692675128324e+03
4.783644488161162371e+03
6.433174294792587716e+03
8.068355867118890274e+03
8.914384123273181103e+03
3.249683552099060762e+03
8.809727010291597253e+03
9.193152981971082909e+02
7.354044182508803715e+03
5.055488139070976104e+03
4.265900710493046404e+02
6.470420860200884817e+03
1.292600442195533333e+03
5.288133609806229288e+03
9.387787976733421601e+03
8.374538890812673344e+03
5.081352798125681716e+02
9.167004322740311181e+03
1.928504558131796102e+03
2.041421361378462279e+03
6.323584516444173460e+03
2.494526860938577556e+03
9.328543857990840479e+03
6.861167000874374025e+03
8.436940311845279211e+03
4.148359522247888890e+03
5.646810772170839300e+03
1.595197964490716231e+03
8.217537251922576615e+03
1.828663290376443683e+03
6.079076576071191084e+03
7.793355228625028758e+03
7.794632522772099946e+03
2.272508824829306832e+03
3.496377135760404144e+03
5.400064523866032687e+03
9.082223043720778151e+02
6.825829588234870243e+03
7.575480894800130955e+03
3.290817841469568521e+03
8.361395320445783000e+03
5.743302357308276441e+03
2.215377180032853630e+03
5.051167736355685520e+03
2.812138963472375053e+03
4.545222944384343577e+02
8.677245870154252771e+03
4.244698429938720437e+03
6.156681687909123866e+03
7.759447022626551188e+03
1.987702602003060520e+03
2.081383616159097073e+03
3.845940499481020652e+03
3.281653377071017417e+02
5.686393761532508506e+03
2.102112803466304740e+03
8.102475199278242144e+02
6.463880218748603511e+03
5.181981306463447254e+03
5.052582807146511186e+03
6.978991268456375110e+03
7.494898761942316924e+03
8.808208060587441651e+03
5.330748789534331081e+03
3.461752409181628536e+03
1.205677914225459062e+03
5.385097803060620208e+03
6.691340850066507073e+02
2.084405672375274662e+03
2.460501779298666861e+03
8.561618200326996885e+03
2.799523959200961599e+03
5.252428070247162850e+02
7.367800055356527082e+03
3.484999734156919203e+03
7.456099733985561215e+03
9.212250745329991332e+03
4.537746647339892661e+03
6.639303740588433357e+03
8.328317652278512469e+03
4.965523635420775463e+03
3.568884176311765714e+03
4.447539487602974077e+03
5.326048795036913361e+03
2.373130697012302790e+03
4.689144475165274343e+03
5.936228199819805013e+03
7.419064133831209801e+03
2.643137938327755364e+03
8.501342824586194183e+03
2.538001079763116934e+02
6.308877854857573766e+03
7.670935903976059308e+03
3.091502116747094988e+03
1.937033259023362461e+03
8.235115987700512051e+03
5.809446608487160120e+03
2.493461158741111376e+03
1.468705655438642680e+03
9.308945780757994726e+03
5.703889724725604538e+03
3.518380266462331292e+03
6.758967639840239826e+03
2.914284191189410649e+03
3.702452545781604840e+03
2.203221761511550540e+03
4.044003079638247982e+03
4.109730605175404889e+03
6.441046839981739140e+03
9.548655306453249068e+03
7.694518667949492738e+03
4.741921510024583768e+03
8.676251617002211788e+03
8.230117355280362972e+03
7.915431744368826003e+03
9.170050966927799891e+03
8.768568594676371504e+03
2.574148442698141480e+03
8.612181651713864994e+03
5.984567781754736643e+03
4.488142926130401975e+03
7.841245282945370491e+03
7.505617985330339252e+03
3.490246310030970108e+03
6.796703633635709139e+02
3.049264804270220708e+01
3.664917513397711446e+03
7.312619076005834359e+03
2.445187103921316066e+03
3.584057916357756426e+02
9.717702594629177838e+03
3.344937997178211390e+03
3.553545126484868433e+03
5.348690959668780124e+03
6.844241070967394080e+03
5.448978616305359537e+03
8.454457837980169643e+03
7.669262048420211613e+03
8.328936704757707048e+03
5.180280809686009889e+03
5.732932689410158673e+03
2.340592998152814744e+03
9.904933700912699351e+03
3.786253726750859641e+03
9.272391345181235010e+03
6.535819658462613916e+03
5.163547311686748799e+03
5.137385151249331102e+03
9.948628325926769321e+03
1.039549505040947679e+03
6.047577732200765240e+03
9.654426185253109907e+02
2.086667483105179144e+03
6.676419323570268716e+03
2.360184714184945278e+03
7.615572039891816530e+03
9.032987395017413291e+03
7.438860746311982439e+03
2.589744434866925985e+03
5.892138623951377667e+03
4.449227922547313028e+03
5.430710503423687442e+03
7.603835360388295157e+03
2.961106411979083077e+03
7.351923037762187960e+03
3.975339740313990660e+03
3.673575732216150300e+03
9.613305700175142192e+03
2.870958331374848058e+03
1.197537034221079693e+03
5.760482790026298062e+03
1.158483670235872751e+03
7.122588800155233912e+03
3.672242759331421894e+03
5.846058797973668334e+03
5.090120218389033653e+03
3.579475555064905166e+03
6.977838837384031649e+03
6.327547432926696274e+03
9.865609257297326621e+03
3.146270220412367280e+02
9.382276344078893089e+03
8.121573426649587418e+03
8.474222527251604333e+03
3.287830958798037500e+03
6.325839962221775750e+03
5.207088493190013651e+03
4.139384527135348435e+03
9.616020808599670318e+02
2.412679973102256099e+03
3.637230891758967118e+03
5.542003199456305083e+03
1.147058978436828511e+03
6.521194106617881516e+03
8.607847940759573248e+03
9.298144707050596480e+03
7.155366800175434946e+03
2.434135193160569997e+03
6.582014287170768512e+03
4.019468796691338412e+03
3.810936611674227152e+03
3.130359482056520392e+03
4.365848415821238632e+03
2.129112156981520911e+03
2.290493451998404453e+03
2.913334883947215530e+03
3.542743932196568949e+03
5.950026117330901798e+03
6.458211234458482977e+03
7.857760747101025117e+03
6.405576805304759546e+03
8.114946814712783407e+02
3.515052887903584178e+03
2.513882342157167841e+03
1.603060981816530557e+03
4.193590928430437998e+03
1.915520097717915405e+03
2.765066552108401510e+01
7.614668821064888107e+03
7.923929493728000125e+03
4.392552198925390258e+03
4.465655497080617351e+03
1.663847467918060374e+03
2.678547747084437106e+03
6.567061529517814051e+03
6.343604435636693779e+03
3.262526648913154986e+03
4.298876184778438073e+03
1.255253699202309008e+03
9.789284896530129117e+03
9.643393349406277366e+02
1.163316251122016638e+03
7.950779853846685228e+02
2.141162364549567428e+03
4.330136299202160444e+03
9.394502581484051916e+03
9.666595101149388938e+03
4.509461329840903090e+03
8.874924623543858615e+03
6.736658044658030121e+03
5.769836101021652212e+03
4.372137165313791229e+03
9.986463469723557864e+03
1.876133513264301655e+03
5.860775736842248989e+03
8.576817603693161800e+03
6.075502352000478822e+03
9.733488636793863407e+03
4.866142331133390144e+03
4.544788118786554151e+03
9.212140242077070070e+03
6.402532508807088561e+03
9.174902270448037598e+03
8.191223656789455845e+02
6.617575732423422778e+03
5.370921929027320402e+03
4.706495158029762933e+03
7.251050703294093182e+03
2.329222909269444699e+03
3.009808327133567673e+03
6.699744880179197025e+03
5.457174581352063797e+03
1.001207594928956382e+03
7.809202415184971869e+03
7.693365096773018195e+03
6.301085836328177720e+03
4.318317521307296374e+03
2.343904346559921578e+03
7.806327613362954253e+03
5.116056752807019620e+03
9.824630564221444729e+03
3.929975297312390467e+03
3.484018781962493449e+03
1.020179602256024282e+03
6.756613865079379138e+03
9.164389950224411223e+03
5.200627200616568189e+03
7.430494049813989477e+03
5.206604304128421063e+03
5.864556414297697302e+03
1.598123819536488099e+03
8.286173897732727710e+03
9.144788755099791160e+03
7.032667472490655200e+03
4.129548684641051750e+02
3.038043454101371935e+03
2.158915041887363259e+03
7.721752339476480302e+03
1.933037817160224222e+03
9.191644349095091457e+03
5.520187755100362637e+01
9.389420806378157067e+03
1.385930181131476047e+03
4.383265891596615802e+03
7.796650919628342002e+00
9.014447697278519627e+03
2.610393278846478552e+03
3.437614697545632680e+03
1.165339123975271377e+03
9.112889748863091882e+03
6.147468551128289619e+03
6.439695047915907708e+03
9.045693037533723327e+03
8.746436369612589260e+03
5.932644129596863422e+03
6.558680316119563940e+03
9.409654098497961968e+03
5.119656607577426257e+03
8.826505905624559091e+03
7.549881353341085742e+03
3.387035579583651725e+03
9.102879597728415320e+03
3.409622160776651981e+03
5.436708093826955519e+02
7.911302137398601189e+03
4.498232266538357180e+03
8.148732766796289440e+00
1.437642306905853729e+03
4.267731846605721330e+03
9.727153343078365651e+03
1.064389261750087883e+02
9.740190457634227641e+03
3.201350795445077438e+03
8.740713637315062442e+03
5.698548291518254700e+03
6.598810986807377958e+03
3.232697472055756862e+03
6.790058790700750251e+03
9.791821162730553624e+03
6.396559793608425935e+03
4.092053499681535413e+03
6.902573480494343130e+03
4.901125006855530046e+03
9.433309129910734555e+03
2.056532738620248892e+03
5.521945418198070911e+03
2.307991269411683675e+02
5.572933989611728975e+02
4.471490230379286913e+03
3.666657608329291179e+03
6.405123736227202244e+03
7.345583548783537481e+03
8.905662095404377396e+03
5.585520475199814427e+01
2.338041997815482773e+03
2.417574978967790230e+03
6.957879961210426245e+01
5.276047756713381204e+03
7.818855418709499645e+03
1.786783027615193305e+03
5.288081187141347982e+03
1.172653686923937215e+02
8.754659829680333132e+03
3.449822092084583346e+03
2.063041144648174395e+03
8.775584800381078821e+03
6.485068591151556575e+03
6.844050014380512039e+03
8.909837018321202777e+03
5.065549966810487604e+03
7.539362546058468979e+03
6.733042735731813082e+03
9.489752367999526541e+03
6.662241652602524482e+02
9.652508027454878174e+03
2.597695782933338251e+03
8.918390811430144822e+03
8.792901546465855063e+03
9.240348020190596799e+03
7.094089230376130217e+03
6.952824397140931978e+03
7.775816608386171538e+03
4.501397732228144378e+03
7.912949981651980124e+03
5.034032265372773509e+03
4.682460743901109709e+03
8.371895138999594565e+03
9.165782359700771849e+03
6.050607359949710371e+03
2.515420667423520172e+03
5.587162631584878909e+03
9.809422057673344170e+03
4.750339877389493267e+03
5.495001283918256377e+03
8.473272573785210625e+03
5.985285752104736275e+03
1.538021502351635945e+03
6.496127622063310810e+03
5.164771484703458555e+03
4.827136712251131939e+03
7.159386228331602069e+03
5.663666749227938453e+03
7.842846721990040351e+03
1.114389026040469162e+03
8.302366855607042453e+03
2.685195304988728367e+03
5.139366003097762587e+03
7.553684368897976128e+03
5.878091584702510772e+03
1.414497757277474875e+03
7.282626720763117191e+03
1.058478183842503540e+03
7.674062552353630053e+03
9.733902441644289866e+03
1.105833360763260771e+03
2.622902743282844312e+03
8.974964385510607826e+03
5.601032172137021917e+03
9.499765866829900915e+03
4.508396214153603069e+03
8.782496888398402007e+03
4.356216395284985083e+03
2.174576559183633890e+03
5.744084372677763213e+02
6.246914019815995744e+03
8.196708230169499075e+03
3.901784331850326453e+03
8.962291154491560519e+03
9.325256472599731978e+02
1.985363253942425899e+03
3.481868020246448395e+03
7.067516504174657712e+03
9.543118993427673558e+03
1.033231129826644747e+03
7.485750534938655619e+03
2.306771981845942719e+03
2.959348015126179689e+03
4.259306386122485492e+03
9.170897669447724184e+03
8.427260545197557803e+03
4.730618168946682090e+03
7.959998571236617863e+03
6.944705280534151825e+03
9.702934446739428722e+02
5.940303402909602482e+03
6.567426584809886663e+02
1.582454276849896360e+03
9.664466622530395398e+03
2.727860168653023720e+03
3.683085658744455486e+03
7.748733482208269834e+02
8.968941155984415673e+03
8.625802993535147834e+03
3.133896654676279923e+03
7.932558581742716342e+03
8.192470249697192912e+02
5.487856295551096991e+03
9.772733686771100110e+03
2.850126327706249867e+03
1.460527453083761884e+03
5.489295071686965457e+03
2.936815829955427830e+02
4.918787769162700897e+03
1.714713098519279129e+03
1.522112316054046630e+02
5.938375553440125259e+03
2.679651578241968309e+03
6.524954256517487011e+03
2.560307367525386326e+03
3.155468313274041634e+02
6.080567854828347663e+03
5.845312451834414787e+03
5.624572154048264565e+02
7.461996330358343585e+03
9.102938211694143320e+03
4.745787246631552989e+03
5.906023380777352941e+03
8.776948046195897405e+03
9.954759297362612415e+03
5.091694272459968488e+03
5.032610257802667547e+03
6.977086498637413570e+03
1.979665653135138427e+03
3.039643241801286422e+03
2.228131777420324852e+03
9.441953186421867485e+02
6.888704309778202060e+02
9.453355638282357177e+03
8.431184768703902591e+03
3.503808155033241746e+03
1.090120726564596453e+03
8.359498107708808675e+03
2.368570027410752573e+03
6.909993531713636003e+03
3.701213151461614871e+03
6.831348513481289046e+03
3.791419776174712752e+03
2.070390787091745096e+03
6.152756589401820747e+03
5.169342524154802049e+03
7.999834731927010978e+01
1.225518437116211317e+03
4.739769381380039704e+03
5.607326138222196278e+03
8.095261324839192639e+03
6.341407566024909102e+03
5.887944204065161102e+03
1.389299407669408765e+03
1.437083110536057120e+03
4.489338424481577022e+03
1.276443599308896182e+03
5.470714773848493678e+03
7.818831467734927173e+03
7.044715594207066715e+03
9.384542231087807522e+03
3.921884319904652330e+02
3.267769501108170516e+03
9.877016309319455104e+03
5.065349875212225925e+03
2.219517644570391440e+03
2.483745364442379469e+03
8.143688031893939296e+03
5.946542596629348736e+03
5.448119508359931388e+03
4.407872143358706126e+03
5.099490654275102315e+03
8.081981044942574044e+03
4.251179343586872164e+03
9.607992636342003607e+03
4.946993924164646160e+03
7.820717524046965082e+03
1.434012313415466451e+03
5.829599222104747241e+03
1.760800517070863407e+03
4.006957679145074962e+03
6.342184452427249198e+03
3.639117341306181970e+03
9.844045871230337070e+03
3.513671489407935951e+03
2.535434763798193671e+03
2.781575014596884103e+03
5.797537699690167756e+03
7.014058187323525090e+03
7.324541407967465602e+03
6.766416689499258609e+03
3.409315868026196767e+03
6.446272677081129586e+03
6.641505926966938205e+03
5.323958820801261936e+03
5.628587324554113366e+03
2.144073745598842322e+02
9.889862030173540916e+03
5.405774712193686355e+03
1.333885528754638472e+03
2.508951062824728069e+03
5.308440606304626272e+03
2.014346070604040051e+03
5.341497058726651630e+03
4.184666047810680539e+03
6.949815244915720541e+03
2.773337075366731824e+03
2.692153939774364062e+03
1.041706319898191779e+01
6.593465828034762126e+03
7.997959817892845422e+03
9.547960163553034363e+03
6.095627274904475598e+03
1.603110899329581684e+02
2.412777503119664289e+03
6.299181954069103995e+03
4.902637041934744957e+03
1.727246949878922578e+03
5.828166693669115375e+03
8.239985993337899345e+03
9.668237232576961105e+03
5.571918573632476182e+03
6.080197366934396086e+03
4.791820765563837995e+03
5.581428260456529642e+03
8.666717722099685489e+03
4.271230137539263865e+02
5.485659696421454100e+03
1.387872335505729325e+03
5.276863283771758688e+03
1.351339331980839461e+03
9.927716023231238069e+03
8.367936259483109097e+03
7.820168579017222328e+03
3.229850316320253114e+03
6.755407964232756967e+03
7.602631127084255240e+03
6.071942256781364449e+03
2.201557409425377500e+03
2.063184872341280879e+03
6.076633297204450173e+03
3.802203172374827318e+03
4.377527489739534758e+03
6.483305954736748390e+03
8.974073988699603433e+03
6.184765809624260328e+03
1.572107890821087040e+03
3.328659435714698247e+03
9.417226967925371355e+03
5.936339160116870517e+03
6.667398209307357320e+03
4.388976486613226371e+03
8.298338145782756328e+03
4.644092166364835066e+03
5.262107888284185719e+03
6.660542447354379874e+03
5.380925742120946779e+03
1.011816759266795998e+03
2.469701995789947887e+03
7.228903495244560872e+03
2.476631822137970175e+03
1.730993582976990126e+02
9.538953514575379813e+03
7.815893418853770527e+03
8.134128612995936237e+03
9.512895516648937701e+03
2.780324796590398819e+03
2.003158577910095801e+03
1.318937185406150775e+03
7.527626274210841075e+03
7.994575440495398652e+03
1.675042545498922664e+03
5.507853993297235320e+03
9.756114739174915940e+02
7.327390165595807048e+03
1.794361986028310639e+03
8.325698305989488290e+03
7.085516530406868696e+03
6.049403418130204955e+03
3.332532587492949006e+02
3.259605926432121123e+03
5.714674678863459121e+03
2.655573404254932484e+03
8.716469161058522559e+02
4.581844107509688001e+03
7.455700823681590919e+03
6.432888233147873507e+02
3.409956255464343030e+03
6.854519611933556916e+03
7.401610699285207374e+03
2.033103270799540496e+03
5.591147824327475064e+03
5.608358451196723763e+03
6.674741577489531664e+03
6.681088134719688242e+03
9.663000628475690519e+02
9.719531736209446535e+03
4.140558114160668993e+03
7.721871095159542165e+03
1.684351302379174058e+03
8.426381483416116680e+03
8.776596555079719110e+03
4.830496154186749663e+03
6.555103806127850476e+03
8.676954314901931866e+03
2.580436806126032479e+03
2.639475636926189509e+03
2.487478612718476597e+03
5.754151537121437286e+03
3.017786360636645441e+03
5.412519242492770900e+03
5.150071028972884960e+03
8.464908038612886230e+03
2.052879032560917494e+03
8.483791081568069785e+03
6.354562609238377263e+03
3.479397861267329517e+03
3.808108583883687515e+03
9.080154018890509178e+03
7.649478878229515431e+02
6.012748675049059557e+02
6.058218814912739845e+02
6.173503289319162832e+03
5.791044712424654790e+03
9.222704136999749380e+02
3.749719393612964723e+03
2.412716878579874731e+02
2.028611113456958492e+03
5.164900841858644526e+03
1.155577997808461305e+03
3.434661253660430248e+03
4.385301269844162562e+03
9.946597332767920307e+03
4.318336606291681164e+03
8.065784979890851901e+03
1.375929187474921264e+03
4.710162551987854386e+03
2.334947358662474016e+03
2.395123936897145995e+03
8.661726503817299090e+03
8.103179042510495492e+03
6.897637367159094538e+03
9.707984786512396624e+01
1.604351256413406645e+03
6.314032923657592619e+03
3.094184781654135804e+03
9.665961252476194204e+03
7.549946739566335054e+03
8.241927182689694746e+03
5.898899902500202188e+03
8.725311998789640711e+03
1.849739034252442934e+03
8.602872644941226099e+03
3.096858487390908977e+03
1.330682906739470752e+02
4.108041273061789980e+03
4.788601830787553808e+03
9.900105227284719149e+03
8.497130019010819524e+03
6.151997361728099349e+03
7.347721036375153744e+03
4.349434730583298915e+03
5.513949382266539033e+03
3.156625396008835196e+03
4.076071915799902854e+03
8.699334024080379095e+03
9.069266716913314667e+03
8.842942456250397299e+03
2.630129110157596187e+03
2.101659024055349164e+03
9.749167188135223114e+03
5.992734177858071234e+03
3.286335053878377039e+03
5.068770868214613984e+03
8.935748843087634668e+03
3.560528477584127245e+02
6.151477836398762520e+03
5.353590484544532046e+03
4.984546966607629201e+02
6.062184924338281235e+03
9.695064275903392627e+03
2.297356007349533684e+03
5.530614386781006942e+03
3.189625402786652103e+03
5.369997463461235384e+03
3.156510610511194500e+03
3.371257406530144749e+02
7.524709769507817327e+03
3.800678300941064663e+03
4.720520227598574820e+03
7.001898352337869255e+03
3.326971357568693747e+03
5.892959176532903257e+03
7.668104280137457863e+03
4.183116089648754496e+03
4.983192220354686469e+03
5.283871741265482342e+03
2.152878343096982462e+03
7.297731330636141138e+03
4.202586471212533070e+03
8.484971704797992061e+03
1.720816443668709553e+03
9.230572228745233588e+03
9.701174186978998478e+03
9.666855889629261583e+03
5.572486927197514888e+03
4.659944064436970621e+03
5.447464142994121175e+03
7.704204171257001690e+03
4.300086114180608092e+03
5.415657481041136634e+03
1.090578522357024440e+03
6.132545184876571511e+03
1.646080041607359362e+03
4.659175790177800991e+03
3.656864346736268999e+03
6.149518157376021009e+03
9.862161707471790578e+03
7.929751313699300226e+03
8.409033127735114022e+02
4.199362734360901413e+03
2.072942920340677119e+03
3.175946985576170846e+03
4.572217572419589487e+03
8.868713371847168673e+03
3.964498533240204779e+03
9.979577621523516427e+03
5.734742732118426829e+03
3.680573511040578524e+03
8.462619274670083769e+01
5.264866507462426853e+03
3.789108935568835022e+03
8.702539656692246353e+03
6.581393743362423265e+03
7.963551221771934252e+03
9.561716680505438489e+03
2.510878689867875892e+03
9.344061647348442420e+03
5.176900478345524789e+03
7.399826364890506056e+02
3.473374955387203499e+03
3.913600939986359890e+02
8.000459291593677335e+03
4.668067460064226907e+03
4.133654420769624267e+03
8.435533193754767126e+03
1.394362908789006724e+03
6.389106073014666435e+03
4.477416268645789387e+03
8.417567573584716229e+03
8.591293924904355663e+03
2.670336202985100499e+03
9.183968769016382794e+03
3.203175358467375645e+03
8.767908489716975964e+03
9.206977114815255845e+03
5.269061784030965100e+03
6.960319916269965688e+03
4.636476405646615149e+02
9.452248871698975563e+03
9.398369051460340415e+03
2.371394628681029644e+03
6.764114050802225393e+03
2.505411806706232255e+03
1.148248510009457277e+02
7.856380824089845191e+03
1.050751768342710648e+03
4.308986411107383901e+03
3.038867652866641151e+02
8.356930458150132836e+03
7.819538406047449826e+03
9.132307846729903758e+03
2.278377478767916273e+03
4.460795097915917722e+03
2.391642030728758073e+03
6.881717911306416681e+03
5.616017299044046922e+02
6.210659065453844050e+03
1.954529344169161504e+03
2.414304543904821912e+03
2.717545693622148519e+03
6.906390401320699084e+02
7.191752696287427170e+03
2.434258574092171784e+03
7.844343799960613069e+03
7.368218610278579035e+03
8.481139105620297869e+02
2.023197639325136834e+03
2.386088810935320453e+03
2.711229208017212841e+03
6.029870067464441490e+03
6.552095112489101666e+03
7.539829248308170463e+03
2.385242964197162109e+03
9.325256120699622215e+02
1.276322233941440118e+03
4.486824680975077172e+03
9.722635414503269203e+03
9.375070649353523550e+03
1.932793598095506013e+03
4.773289583454449712e+03
5.018730612002363159e+03
2.908254345047609149e+03
8.909620052118652893e+03
9.347057008969261005e+03
4.386327099544296289e+03
7.387086395246039501e+03
3.721538745304454096e+03
7.699928652123600159e+02
8.743857998640636424e+02
7.400699037469324139e+03
3.342110827593035992e+03
4.210706890714182919e+03
9.547553162346592217e+03
1.075283916212616077e+03
8.740948550170058297e+03
7.513653934604750248e+03
3.915966215143635623e+02
6.821919488398493741e+03
7.391247388507682444e+03
7.995552801057912802e+03
5.365771579441007816e+03
7.408551724089519666e+03
9.059105165272771046e+03
4.164018794871944010e+03
2.672449093770510899e+03
1.242716738431946396e+03
5.060929967364942968e+03
2.341979894001658522e+03
5.896047661900974163e+03
6.704486512462236533e+03
7.465419105814382419e+03
2.540001508012552677e+03
5.582244326710818314e+03
5.336511453626222874e+02
7.247570265350751470e+03
3.144862052891621715e+03
3.858066590174656994e+03
5.258899352019298021e+03
7.621712573886909922e+03
4.847471449978850615e+03
1.470423421009043523e+03
