2.049618098727055440e+03
2.143798692362375277e+03
8.989697223421349918e+03
6.008691683778139122e+03
7.170233493868147889e+03
8.350641665460771037e+03
3.802919398386078228e+03
2.943910682552365870e+03
8.217174316558828650e+03
1.273805833890764688e+03
3.171585408545366590e+03
7.689581110002669448e+03
3.140598679077915222e+03
1.995449655820511225e+03
3.023696579329371616e+03
8.360628983823129602e+03
1.862956488607122992e+03
1.691193108545233599e+03
4.022203624469903843e+03
8.529588661694131588e+03
1.670370990179435921e+03
4.815040371025166678e+03
9.033111203635347920e+03
8.814072285778185687e+03
8.227209156774659277e+03
7.285890451459530595e+03
8.376835715500075821e+03
9.511651651084748664e+03
1.116076656717411197e+03
1.998651027523786070e+03
7.637045282269423296e+03
9.241131750153765097e+03
4.994090513099240525e+03
4.126925162650051789e+03
2.646165175423640449e+03
9.923869962641854727e+03
9.528258439312417977e+03
4.111107330267561338e+03
9.251316101793197959e+03
6.403779396941981759e+03
9.057418144065130036e+03
3.445966496166464367e+03
2.434194325672009654e+03
3.315319848494855819e+02
8.306636430162690885e+03
2.330953792333412821e+03
5.535065964104503109e+03
2.685097014764083269e+03
8.668925878081246992e+03
9.588366370106075465e+02
6.373349560312747599e+03
4.201932605151761777e+02
4.903103846038974552e+03
5.255932123967695588e+03
8.985896464668248882e+03
4.359002339282249523e+03
6.350896241498766358e+03
3.638467666813952292e+03
2.720617489857154851e+03
1.932506590822694079e+03
1.856443469211078536e+03
7.951435419906199968e+03
9.826415331116044399e+03
3.736012466887123082e+03
4.666326672295461321e+03
6.040040104787182827e+03
4.299568696535963682e+03
8.876345598828647780e+03
8.732096018675210871e+03
4.984264923594039828e+03
4.194983912461558248e+03
1.437788065403319479e+03
3.085916791418066168e+03
5.575260933797727375e+03
2.671766526332085618e+02
5.040506323578771116e+03
7.619347517011694435e+03
1.654729974116145968e+03
7.988660822448255203e+02
5.287674483410621207e+01
4.306937616492331472e+03
9.221205092417303604e+03
1.076998158544197395e+03
7.468752703047509385e+03
1.321487738580337009e+03
3.038138186292742830e+03
7.759797747815391631e+03
9.405489689091204127e+03
8.977837811962692285e+03
3.814835772122341496e+03
1.924986729343213710e+03
8.074326171685262352e+02
9.281908230484381420e+03
3.721093913392055015e+02
9.330306366380060354e+03
5.966925339838677246e+03
4.781412106478138412e+03
9.057291671617171232e+03
8.599243565737280733e+03
9.568964759888462140e+03
1.765274824117272487e+02
3.946831085418935345e+03
4.562149868874338608e+03
5.944864129952797157e+03
5.131212123590141346e+03
5.788103823274454953e+03
2.231368040337500588e+03
5.257851701944407068e+03
6.938813415899358006e+03
3.813864704933144367e+03
7.606227680332535783e+03
5.351414355042719762e+03
1.263596517426839682e+03
3.414313828650717369e+03
7.477429039439247163e+02
3.316643305032360331e+03
9.215791753546867767e+03
2.284781993562209664e+03
3.485608996780942107e+03
2.170156769581996741e+03
2.109699749550478373e+03
5.696504463468793801e+03
2.462103899865501717e+03
4.464680896572777783e+03
7.536762635258784030e+03
6.851152566635359165e+01
7.147285686973221345e+03
2.170022154404597131e+03
3.807798171379384257e+03
1.231146368424426782e+03
4.411674306347198581e+03
5.728333915187508865e+03
1.092981510967904796e+03
1.867060643622220937e+02
9.128190968290391538e+03
9.069718251963449802e+03
4.272619784152992111e+02
6.532416765939671677e+03
1.376412553352462965e+03
3.791873793422508243e+03
6.710312113702641454e+02
5.519562222931072029e+03
1.375663149596487983e+03
2.522050338039797225e+03
2.670392290036130817e+03
3.551268314376422495e+03
5.988539585359159901e+03
9.727530338197297169e+03
5.306138020363537180e+03
3.860366420717735309e+03
2.023231562826405025e+03
9.175892386962232194e+03
5.770766408531396337e+03
1.534597222781226264e+03
8.234426150759798475e+03
5.184584376232929571e+03
7.475240084551071959e+03
1.109754178614178954e+03
8.380367528270415278e+03
3.181337682310062064e+03
3.382484023075939149e+03
8.386709708958820556e+03
7.144648890655723335e+03
9.434742252465659476e+03
1.889652199620939257e+02
1.218374004612965791e+03
3.352235101005129309e+03
6.900430960714503215e+01
1.732535836183645870e+03
9.275704667050129501e+03
4.016189843402919450e+03
7.940845551892523872e+03
2.495884894616919610e+03
1.357285790941191863e+03
8.672286260007600504e+03
8.525427407234345083e+03
1.801857974320702169e+03
9.623218100402906202e+03
1.989775723003810981e+03
8.825275810768942392e+03
4.210424976542246441e+03
6.663362732122593115e+03
4.798895258045194169e+03
8.478608099905471818e+02
8.427869588657575150e+03
5.903547757248521748e+02
6.614686972843290960e+02
3.956742571907604088e+03
8.974919179088903547e+03
4.817083924408786515e+03
4.961080553366988170e+03
2.679760254110104142e+03
7.368903624646068238e+03
3.303246705918183579e+03
4.499587651155272397e+03
9.568472994686558195e+02
3.937219445676755640e+03
2.225625954286269462e+03
6.684522312300572366e+02
4.012473974813141922e+03
2.301051192621588598e+03
9.557525931386686352e+03
9.119909201424939965e+03
9.454366594521451361e+02
6.105020085981749617e+03
3.883562563995259552e+03
3.886738647034315363e+03
1.264317589340972461e+02
3.791798815994007782e+03
8.162456776316800642e+03
2.528742399388254398e+03
5.740977896467524261e+03
5.777163805548302662e+03
5.789552082151443756e+03
6.837650299907242697e+03
9.582538176471720135e+02
1.771992680107867500e+03
4.347519314750170452e+02
1.077938261929450846e+03
7.177671418582672231e+03
8.958513395643571130e+03
8.245470406069933233e+03
5.138764601264438170e+03
9.382046635501117635e+03
8.026604306964818534e+02
9.718736827810180330e+03
5.858109959620264817e+03
1.334205861089252721e+03
8.362543835470776685e+03
7.331670252512516527e+03
2.424664308415348842e+03
4.414849993854628337e+03
4.049152513560292391e+03
2.841248736166538947e+03
4.936133511043070939e+03
3.366482066759516783e+03
2.529172932003566530e+03
3.885431283831248948e+03
4.390453627844725816e+03
4.856058400037207321e+03
3.448664313586626577e+03
7.283862104936319156e+03
4.220162691816838560e+03
5.987736788415006231e+03
7.516574313106179034e+03
4.322852529309715464e+03
3.411438704577720273e+03
8.397958406677627863e+03
9.091548278793285135e+03
6.577320638753216372e+03
9.061200830216354007e+03
1.947702521261998982e+03
9.814147693743878335e+03
6.460220176586228263e+03
3.419219208295725366e+03
2.820895496737798112e+03
9.670869440996502817e+03
9.383335778010836293e+03
2.410675287714434944e+03
4.809393913642522421e+03
6.696253479690830318e+03
7.479702339813739854e+03
9.987759361120959511e+03
3.889986178599915092e+03
5.020082773196381822e+03
6.027175299354696563e+02
2.958848306791744562e+03
1.551933220927911862e+03
9.252877222050754426e+03
1.534437338934736090e+03
3.421330422139506481e+03
1.673570500544184370e+03
3.962736671999819919e+03
7.335276667224648008e+03
9.313409999685909497e+03
6.129616237115328659e+03
4.105961123037520338e+03
9.780743691719544586e+03
9.137072097843989468e+03
1.538083050010743364e+03
2.373461575509952581e+03
7.447949732054347805e+03
8.197388014849810133e+03
8.709372561625817980e+03
4.061383792074329449e+03
1.996665951853485694e+03
7.823144722688195543e+03
5.930430962511776670e+03
3.160748609420641515e+03
6.913782172360592995e+03
5.182609767954271774e+03
7.894420287750929674e+03
3.136920534087967098e+02
1.160790260534139179e+03
2.039814161854520762e+03
3.963782569762668686e+02
2.737998684044248876e+03
3.535498134176372332e+03
5.272865441328651286e+03
5.956828628742302499e+03
1.572929653122521586e+03
5.843457032920403435e+03
7.614157222148361143e+03
6.456915724290241087e+03
1.024744442018435393e+02
1.690444724008875710e+03
7.282754133458206525e+03
1.095055479031644836e+03
8.537704340826618136e+03
4.530904551722323049e+03
6.442372321557988471e+03
5.330746532322955034e+01
3.813117078622951340e+03
3.642851826761801021e+03
2.163096856430072137e+02
3.766451208157818201e+03
1.886661372961425059e+03
4.672398629482487991e+02
7.233185901977194590e+03
5.566615529922520182e+03
2.869420826107221274e+03
7.974559081867422719e+03
1.147854407757153240e+03
3.700845601151782375e+03
3.792341030140829048e+02
8.207022424553526434e+03
7.753932370204847757e+03
5.009992460120275837e+02
9.821549392113020360e+01
1.622983520741406664e+03
2.050182523197760020e+03
5.218918041976205132e+03
2.855600580686337253e+03
8.414600107256026604e+03
8.391060016937475666e+03
5.641503628012355875e+02
4.632125318430325024e+03
6.971053742673467241e+03
3.514077997162863539e+03
4.713346055898708983e+03
8.151247914932761887e+03
5.416943828893039381e+02
5.944919113072950495e+03
9.513162375565943876e+03
6.326379274248315596e+03
9.915668163895072212e+03
5.655587501550969137e+03
5.710703030056126408e+03
9.637706970068922601e+03
8.410188319101829620e+03
9.958879785999391970e+03
1.851943665351757545e+03
4.307429838243383529e+03
1.973160288848989012e+03
8.464632506582405540e+02
3.025326716573361409e+03
2.219857026783628953e+03
7.668155677419456879e+03
5.877959767871064287e+03
1.137405066757279656e+03
9.564514482569606116e+03
7.310691083808174881e+03
5.550927196878661562e+03
2.131093554887442224e+03
2.119607798800221190e+03
3.970066957838067992e+03
2.213854788001513953e+03
4.515102520405349424e+03
2.577130099620501824e+03
7.211089469200549502e+03
5.385351167202526995e+03
4.339214179183116357e+03
6.900596879116423224e+03
8.641487377444191225e+03
9.363552755508870177e+03
9.072798096394975801e+03
8.785097566142550932e+03
1.305018505852264752e+03
6.126070806301329412e+02
4.385182274637610135e+03
5.913511767725816753e+03
4.735435665871323181e+03
2.175877503992125185e+03
9.690551983491810461e+03
5.349680182821214657e+03
4.866240360356570818e+03
3.965831438887820696e+03
7.092037894641974162e+03
5.675708053523136186e+03
4.403158384132494234e+02
1.898784276783880614e+03
2.928619327049666026e+03
6.325772219187932933e+03
5.089407289345819663e+03
6.482642177378783344e+03
6.434301346834059586e+03
4.020900828627527062e+03
6.123376665246208177e+03
1.292694194172995822e+03
7.827404334864447264e+03
9.183507958770025652e+03
7.027427834864817669e+03
2.813088102190716199e+03
8.782763315560989213e+03
7.713062543562567043e+03
7.673436894455309812e+03
1.081129290740633905e+03
7.207640436021512869e+03
2.228985560110736969e+03
7.759527821766392663e+03
8.459881469311665569e+03
1.933038400391466439e+03
5.272761436356702688e+03
9.606615560230400661e+03
1.668153532821012504e+03
3.531637343844878160e+03
2.708487400084559340e+03
2.755217043711782935e+03
8.263442205755016403e+03
6.810102477492177059e+03
9.345593658187195615e+03
9.837844180810099715e+03
1.614599893842137135e+03
9.513579992891305892e+02
8.228911833794045378e+03
8.323045029609686026e+03
3.791303547271025764e+03
3.974524193993660447e+03
9.368465719684860233e+03
5.496510507898022297e+03
7.721825168712436607e+03
9.053941390898418831e+03
8.901476478526077699e+03
6.591019765255189668e+03
2.984165494879056951e+03
9.038728669908528900e+03
9.378218038848157448e+03
9.737349277740295292e+03
9.375357609506136214e+03
5.566740810622384743e+03
7.803986972301519017e+03
1.052253903629111562e+02
7.117548650672584699e+03
1.974178711805643388e+03
6.246327877496668407e+03
2.844353157039298821e+03
6.242605164358200454e+03
6.174730751066123958e+03
2.066446048065285595e+03
3.654482772830756403e+03
1.960536535377947985e+03
5.788649441990854939e+03
2.556298892744965997e+03
8.903918237441277597e+03
5.239169570126682629e+03
1.090521160813895904e+03
5.281097106048178830e+03
9.216492634191683464e+03
5.858954368039671863e+03
8.703749520129547818e+03
4.525354708243677123e+03
2.241047917498842253e+03
8.748663623779282716e+03
1.534524797045568448e+03
9.019128950564783054e+02
6.105251392946277520e+03
3.795440230039310791e+03
1.867511507846247014e+03
8.425540091740840580e+03
2.533766392090468798e+03
1.543848934649287912e+03
7.209116737968992311e+03
7.912295627225610588e+03
2.416061608641845396e+03
3.881035901286536955e+03
9.518438159892433760e+03
7.325543310055763868e+03
2.521030561212902285e+03
3.670245459192449289e+03
7.790195118480486599e+03
1.395398191969289883e+03
9.300250253891126704e+03
8.863282570911529547e+03
3.954748341093446015e+03
6.065270670210136814e+03
2.437379209888028527e+03
9.157701017978008167e+03
1.923045160038412632e+03
8.609550827122952796e+02
8.545797967775000359e+01
2.600323266554929887e+03
8.702115694285246263e+02
4.814676713743601795e+03
3.077791487821339160e+03
5.559037788422925587e+03
7.313400723227382514e+03
1.353061680824545874e+03
5.938174045362200559e+03
7.277350406176125944e+03
9.031691716514231302e+03
2.254991300222627615e+03
6.846276220812307656e+03
5.452627245552797831e+03
1.067414982990161207e+03
7.466988105357490895e+02
2.806464108579664298e+03
2.238588969417954104e+03
8.930370230996361443e+02
5.130882592862914862e+03
6.792534896559145636e+03
2.367888600182867322e+03
3.815855343854520925e+03
2.311170129425501273e+03
8.899750081169336227e+02
3.022951400894110975e+03
3.895496807016952062e+03
2.069711428220900871e+03
7.691091566246763250e+03
1.622753920414036429e+03
7.580105891254954258e+03
9.220197670570933042e+03
8.931197817490421585e+03
8.656854090080696551e+03
1.408174195686325220e+03
7.288574871788910968e+03
5.531408492111435407e+03
9.726959301722419696e+03
9.486251611617313756e+03
7.315919348225378371e+02
8.998467150094892020e+01
5.350476569100597771e+03
1.156608817084522343e+03
4.697484322098418374e+02
3.206730080518665090e+03
4.087526942603115458e+03
1.672615545192605396e+03
3.925695468230422648e+03
1.907610463865324562e+02
1.444108533419944820e+02
7.832837102614537343e+02
4.257352098749919605e+03
7.305095339647668879e+03
1.573021421762122372e+03
9.535829242879095546e+03
3.296400774270253351e+03
4.668859299139095128e+03
9.204795192807803687e+03
9.312041292883272035e+03
6.326034665072462303e+03
9.376496736005097773e+03
8.600725998920504935e+03
2.497789933884939728e+03
7.331837530628164359e+02
4.192973752481886550e+03
8.107342637679428663e+03
5.718294736463885783e+03
1.082243829694833295e+02
6.959017093808263780e+03
3.504996085960810888e+03
2.605658882187042309e+03
7.341665116594820574e+03
8.196614506373702170e+03
1.303760368281541787e+03
2.594694675134064710e+03
8.054639436048322750e+03
9.434757344690038735e+03
1.356502903542821514e+03
9.118423298281140887e+03
7.300577881320198685e+03
3.805566022583511312e+03
2.844062310995631151e+02
6.556542457226613806e+03
7.068333296296845219e+03
6.014334585878737926e+03
1.889323306032348682e+03
4.529608470994866366e+03
9.887773725548622679e+03
7.408928034635469885e+03
8.438677569320363546e+03
9.850887056720066539e+03
8.266479242807678020e+03
3.248972782576840928e+03
1.009356305267525158e+03
7.551034216781715259e+03
1.112168078929977582e+03
7.353917094281925529e+03
9.067919380413257386e+03
3.585240079122889711e+03
6.478408106283260167e+03
4.403322870688665716e+03
1.051471265044282063e+03
8.446338609616042959e+03
7.743427927480744984e+03
8.977561466572706195e+03
7.787060229965844371e+01
4.641197204468422569e+03
8.296344663033640245e+03
7.312049554353690837e+03
5.602869247136354716e+03
2.988980247544878239e+03
7.641875003618841220e+03
7.465428107691065634e+03
5.018693701942045664e+03
9.893102232211120281e+03
9.865504054578952491e+03
1.276463362469542744e+03
6.051980954792521516e+03
2.373699451849469824e+03
3.603781958717824637e+03
2.208709415324316979e+03
9.468416949190750529e+03
4.221457587292699827e+03
6.664550020262291582e+03
7.338008811246279038e+03
4.539454332903709656e+03
7.704196420624518396e+03
7.295885547978436989e+03
9.533930539363242360e+02
5.664716958831238003e+01
6.022896839390468813e+03
4.387894860813829837e+03
5.514263940799993179e+03
5.697347047923144601e+03
1.099656833103500503e+03
6.138890074196043315e+03
9.617654425099367472e+02
3.847298492029981389e+03
7.750824899818163658e+02
3.356840971401663865e+03
8.819070299108911058e+03
9.681252440273858156e+03
1.242455913445356373e+03
5.574153502245419986e+03
4.903776946861777105e+03
2.578474450290233108e+03
1.426256118226413719e+03
9.913239344532208634e+03
3.953202150979435032e+02
5.410990439078264899e+03
9.823644015851899894e+03
1.086433278356097844e+03
9.664483388758908404e+03
2.439494735965956352e+03
7.866381352274834171e+03
5.927521664997579137e+03
8.483513759816065431e+03
1.380485248277374239e+03
8.810032751204049418e+03
5.706218644061239502e+03
9.686404583035033284e+03
2.158788788018689047e+03
9.808686398691555951e+03
3.825995718356068210e+03
9.683011217464247238e+03
4.266990317214765128e+03
1.018320093722149068e+03
1.351000957784871161e+03
5.133592649914333379e+03
6.288258993338149594e+03
5.389962708940181074e+03
4.343365876760255560e+03
3.670374287892939719e+03
3.994584681093393556e+03
4.639340525930775584e+03
4.924310793713000749e+03
5.358025199888536918e+03
1.136481009552854857e+03
7.245192510105080146e+03
5.312003397420886358e+03
6.730298538860522058e+03
5.138121909133741610e+03
9.707994142357518285e+03
9.131832862454079077e+03
9.706959699046683454e+03
2.314306514966170653e+03
3.793283830131722425e+03
6.536135148074145945e+03
2.839094532198992965e+03
1.013588369768880057e+03
7.424353500408098625e+03
5.401377383274710155e+03
2.380473315646087485e+03
8.249405346263445608e+03
7.122595910075618121e+03
8.145934960874317767e+03
5.924901032454938104e+03
3.092561222733214663e+02
3.229195501721409528e+03
5.458820864186646759e+03
1.042186475475815541e+03
5.583516280922828628e+03
8.032770068563438144e+03
1.790732335734420758e+03
5.784386128142260532e+03
1.231312122574049681e+03
6.734457849340741632e+03
7.360685174415176334e+03
3.873714466268379510e+03
7.625895593952253876e+03
6.512961486586234969e+03
6.139374428210653605e+03
6.878190984746477625e+03
7.884879706168223493e+03
1.930859880300424265e+03
1.022899933680396316e+03
1.431628207004192745e+03
7.721552287340418843e+02
3.665718409857478946e+03
8.399344449300957422e+03
4.964194719839407298e+03
6.424836568209010466e+02
4.944387950357730915e+03
3.105749260704965764e+03
5.266057873115718394e+03
9.457463018847643980e+03
6.226299944366855925e+03
3.868539530938112875e+03
6.066503690284180266e+02
4.102444014927677927e+02
9.238573209949525335e+03
9.503095523260848495e+03
4.408805072487638427e+03
8.128107450625784622e+03
4.767233276601739817e+03
1.038732245390359367e+03
8.805217790335700556e+02
5.266599690508817730e+03
3.311759220822875704e+03
1.287648297552399754e+03
8.063439689746879594e+03
1.133729370850129726e+03
8.232896959891391816e+03
1.097676849045467833e+02
4.594932601120719482e+03
2.926047532729420254e+03
9.154038260538298346e+03
4.661826443099177595e+03
4.414998640219188019e+03
8.695362830859285168e+03
7.454568728798515622e+03
2.591455398543203955e+03
1.543885121517808102e+03
8.252546913403524741e+03
6.692738841266693271e+03
1.056416034753456614e+02
1.658900515894793671e+03
3.784036056991055261e+02
8.561451979029268841e+03
6.024579698591594934e+03
5.621364316595355376e+03
5.724905621608711499e+02
6.541484643781050181e+03
5.560182100997262751e+03
5.596080986200950065e+03
1.140372801538231897e+03
1.552165151494188194e+03
4.543946611273602798e+02
5.195478295677351525e+03
4.109144681632099491e+03
7.073886222364148125e+03
1.157620171710235581e+03
8.927182039590863496e+03
7.458996826919010346e+03
8.101912438692555952e+03
3.337981173960951651e+02
9.844750971534007476e+03
1.491474690502193425e+03
1.884461330002795023e+02
4.807232415554160980e+03
6.137539253175185877e+03
6.857268519813479770e+02
4.776553428960464771e+03
1.130541256195911956e+03
1.315597661554938441e+03
8.515590024586104846e+03
8.213877454642544762e+03
1.852885464350045822e+03
5.927146440558155518e+03
6.095529575139575172e+03
5.409828826026151546e+03
3.666600806676808133e+03
4.800407891557405492e+03
3.750119906748516314e+02
6.347356040301968278e+03
2.737426691533610210e+03
4.898256855271326458e+03
5.573934464206734447e+03
8.174532619736142806e+03
3.039970564686583657e+03
1.932022922765824887e+03
7.402024822296576531e+03
9.500312013079899771e+03
5.367151453286217475e+03
5.796676011689826737e+03
6.123871879027689829e+03
1.118210645681171400e+03
7.055866536899611674e+03
7.870818987372351330e+03
7.678908630177046689e+03
6.436831597140820122e+03
3.330226655393246801e+03
4.833537614644345012e+03
5.585521367552148149e+03
6.296607416893098161e+03
3.946281723072772820e+03
1.009874645241590656e+03
6.297114875976861185e+03
1.627090573198898255e+03
8.714705497216435106e+03
8.538827218084994456e+03
3.934739326460237976e+02
1.879269995928560547e+03
5.723621736893755951e+03
8.859550436579526149e+02
3.992958018663044641e+03
8.533451275370694930e+03
7.655211236970375467e+03
2.436002152423905954e+03
7.516894732302527700e+03
1.929599876279523187e+03
4.778577626255132600e+03
2.636151614699632319e+03
9.702197356985605438e+03
2.685917782607792560e+03
9.877496104974130503e+03
4.691328108493107720e+03
7.100095013171518076e+03
5.660368021484738165e+03
7.103884279358147978e+03
2.648523814289418624e+03
5.063331948646499768e+03
4.973797588642270057e+03
9.649047886026857668e+03
8.845405362364732355e+03
9.208783923828932529e+03
4.344821456914180089e+03
3.560941951385512766e+03
2.872251358305150916e+03
5.071411085695775910e+03
1.972981191984030374e+03
2.470842454602595353e+03
8.426126674493809332e+03
8.806016858080272868e+03
2.527081307232750987e+03
7.266562848297280652e+02
9.193014838026323559e+03
6.038634737440211211e+03
1.598980396643070890e+03
7.584990153448126875e+03
4.879557731622974643e+03
5.061041012160820173e+03
9.981914810449990910e+03
9.038943971089058778e+02
2.245438339857191295e+03
9.953665274278007928e+03
3.187095809931910935e+03
8.563652726108366551e+03
8.923299487502701595e+03
8.712202171459217425e+03
8.798877039805296590e+03
3.263305352025445245e+03
7.411140127143289646e+03
4.253772133637327215e+02
2.418598679984407227e+03
3.629943309597331790e+03
6.325439724152455710e+03
4.980096022097051900e+03
5.363769845835050546e+03
4.372877672143874406e+03
7.733742571265326660e+03
1.211609802402127116e+03
4.144601954886324506e+02
2.451785763345987561e+03
6.049663604986950304e+03
8.395428027884535140e+02
4.820480505865784266e+02
8.239094178368573921e+03
8.595107434077175640e+03
5.256073463891000756e+03
4.642263581784694907e+03
4.539523562438330373e+03
9.708689016973401522e+03
2.520984647663076430e+03
3.577623354084538278e+03
4.210777815110960546e+03
3.767421091700849956e+03
6.013266431408088465e+03
6.527377836400538399e+03
8.180778474858549089e+03
8.284566131029649114e+03
9.347710459639465626e+03
3.898044218823479696e+03
1.585390379550234172e+02
9.469720853565018842e+03
5.023630423751212220e+03
4.143872810824422714e+01
2.943980728378535332e+03
2.533991117535113972e+03
6.006636975071049164e+03
9.140165860148334104e+03
7.769870266597368982e+02
6.159855393945877040e+03
1.864680064166537477e+03
2.657237909713983299e+03
4.673623148729339846e+03
2.119399849497238847e+03
3.861596745502702106e+03
4.670778718222641146e+03
4.282256213341122930e+03
7.943843290829392572e+03
3.606123728632982875e+03
2.270423740856762379e+03
9.884618768712472956e+03
5.472899726051485231e+03
1.840780787053389076e+03
4.775624809839237059e+03
9.466635508290477446e+03
7.140730396681063212e+03
2.818161740039482538e+03
4.060108776150253561e+03
3.369414892097090160e+03
6.973817749086293588e+03
6.522266409776883847e+03
6.475902772821681538e+03
1.481374729168649651e+02
3.304046083172034287e+03
7.607838582420786224e+03
1.695405054127036237e+03
6.961412145120588093e+02
7.461710852955065093e+03
1.767741029795862005e+03
6.342616290968860994e+03
8.880354448236485041e+03
5.501110266647474418e+03
9.867917125110590860e+03
2.529200928272653982e+03
2.623067226505225335e+03
9.249287238477743358e+02
9.068183146000799752e+03
2.287693968984945514e+03
4.454037166075040659e+03
4.305544840211720839e+03
2.458836608481509302e+03
3.259008487860091918e+03
5.111856547036104530e+03
1.674217328726536834e+03
2.380169874686531784e+03
2.136495121954510068e+03
4.472138307028580130e+03
8.319577469161629779e+03
7.486350911755698689e+03
9.562788620704124696e+03
2.893164577437170010e+03
2.642507403599747704e+03
4.252090459269827079e+03
7.476197368028378150e+03
6.025927502809915495e+03
5.703078616088214403e+03
8.681616891058307374e+03
3.532640515930305355e+03
8.569220719095892491e+03
2.128700801937134656e+03
3.737979795606402604e+03
9.708346090188237213e+03
2.229914436180350549e+03
3.540501338927601410e+03
4.962950230473798001e+03
1.549962716899544603e+03
8.949283787990249039e+03
5.066035428789885373e+03
5.773955068903761457e+03
1.824099875667226343e+03
9.690868072548748387e+03
5.260560041580769393e+03
2.357963415344507666e+03
1.348249670268106229e+03
4.086579832152895051e+03
5.499455415435132636e+03
1.834045348290676884e+03
4.776334274983893920e+03
7.007293511402264812e+03
6.634166697016395347e+02
9.069740543754920509e+03
5.992102305605983929e+03
9.730145567129176925e+03
9.714161117853385804e+03
3.941858740515953286e+03
9.899090432916807913e+03
7.891749584270131891e+03
9.628242402745841900e+03
3.130786895854865634e+03
2.223313791010288696e+03
4.760763308638152012e+03
5.079733881077956539e+03
7.186527249917789959e+02
8.036925648825951612e+03
8.414140575431645630e+03
8.010203782424120618e+03
1.079127244243730956e+03
4.011528812212650791e+03
1.347887037620789670e+03
4.115368171450208138e+03
6.027132856621854444e+03
4.083300698041156465e+03
7.943325360938079029e+03
2.904236744463046307e+03
1.362491313891436221e+03
4.508853953141011516e+03
8.848612892294413541e+02
7.833283802464582550e+03
1.201710606901816163e+03
8.140231772275972617e+03
8.774343321189351627e+03
1.311313671705319621e+03
2.682239213792542614e+03
2.613256129808965397e+03
7.980763962669394459e+03
4.238944560817555612e+03
4.509663832566007841e+03
9.719900281537113187e+03
1.772115243344655937e+03
8.184275367714392814e+03
3.095693527672798155e+03
5.147857450844952837e+03
