1.640406369164848456e+03
4.658438670040805846e+03
3.807342363201563330e+03
2.665764302517297892e+03
8.471332730245228959e+03
3.489552418379141727e+03
4.482500491043831062e+03
2.511009526275597636e+03
9.343037086673533850e+03
9.371003018516390512e+03
2.977010058994448173e+03
6.898927217245581005e+02
1.397318907987000330e+03
1.261294324010132641e+03
1.570122404304989914e+03
2.477228311842144194e+03
5.744687940205355517e+03
6.563636080606640462e+03
6.620726509091681692e+03
2.574790504098441033e+03
4.095781108119500914e+03
9.803430270468974413e+03
1.186671721413190198e+03
5.642522601683426728e+03
9.870582635627160926e+03
4.099510443403336467e+03
2.928476133686036519e+03
3.168476999359561887e+03
8.819632554222249382e+03
1.405878395381313624e+02
3.354655609387146342e+03
6.481037817845593963e+03
5.005270503182322500e+03
6.625513069729764538e+03
1.195813424249878153e+03
1.605253891949640320e+03
6.065522379199108400e+03
6.977577698164227513e+03
1.039904517969915332e+03
6.160179107907870275e+03
1.132846076034632688e+03
5.544962465077841443e+03
9.142568376488263311e+03
7.618881674047863271e+03
1.724528860300712950e+03
7.057981908174133423e+03
2.434833358033371496e+03
4.157220988676359411e+03
6.035246492263765504e+03
3.200082961167581743e+03
2.077286556801699135e+03
1.500997186870568839e+03
6.605908973400694777e+03
6.570051643761556079e+03
2.122335350891020425e+03
8.849030571505915077e+01
3.902111814591256007e+03
8.620477267103253325e+03
9.380059676236882297e+03
5.401892021858689986e+03
5.752872795838284219e+03
1.820581515495681288e+03
4.449530880214998092e+02
4.229815372598648537e+03
7.886569122848291954e+03
3.929960264432850181e+03
3.230996607711382239e+03
3.772372337007935585e+03
5.814635273097894242e+03
7.284954083016274126e+03
6.981803212680156321e+03
3.656858727061017362e+03
4.971382406139267914e+03
2.188374539997991633e+03
9.337782336500971724e+03
3.994586399469865682e+03
4.055388591744840596e+03
5.483961824061275365e+03
6.699140687186491050e+03
3.540565194238211006e+03
1.466236355120030566e+03
7.787573120496460433e+03
4.443900632529676841e+03
2.606538873825043993e+03
6.821462646885984213e+03
1.998927624548663744e+03
3.387918278961631131e+03
2.849291795760321293e+03
4.283980027144415544e+03
1.932487534566173281e+03
8.759679080864360685e+02
4.467125076596033068e+03
4.331615507902905847e+03
2.622832054896341560e+03
1.814666598945665783e+03
1.830126831003932239e+03
5.871879322088735535e+03
1.775105820144107156e+03
1.947107215227974280e+02
4.128197899279383819e+03
6.137652922603720981e+03
6.802427341218349284e+03
6.367310708821157277e+03
1.769885722190517527e+03
2.865511478959375381e+03
5.663772537431499586e+03
7.858134581702391188e+03
9.315923440922982991e+03
3.694089139320880349e+03
2.789924710546456026e+03
2.287512917465997361e+03
3.480079765466217850e+03
2.032126916455601986e+03
8.554223323263833663e+03
1.764956813422496907e+03
7.204582103487785389e+03
3.484593155963393656e+03
3.049604818294189386e+02
3.081039825086364999e+03
7.954063108632923331e+02
6.049776312884533581e+03
9.144758638140609037e+03
1.872925870423990773e+03
7.001127685155416657e+03
2.499811883685131306e+03
6.992806808753072801e+03
9.225890508878910623e+03
2.152934748229622983e+03
5.330943962791923695e+03
3.152378814496534574e+02
5.428860757130148158e+03
9.381150821426037510e+03
3.464435331469693665e+03
8.233253050790734051e+03
1.450724723879869998e+03
3.256987623526087646e+03
6.013879808452399629e+03
2.012640078855297077e+01
9.082959149122938470e+03
1.026166524698177682e+03
7.568513080050697681e+03
7.261728468934183184e+03
3.624993928162723932e+03
8.308423158326049816e+03
8.377763985828298246e+03
3.615063281097810091e+02
8.568363137877569898e+03
5.071341875967397755e+03
7.453670199727528598e+03
7.058566847630928351e+03
4.368947958139402544e+03
7.698331038711685324e+03
3.717605446433777615e+03
1.265218693249832086e+03
1.599964535165194320e+03
6.610726257909772357e+03
7.871157776504217509e+03
2.367746024499913347e+03
9.359526414429747092e+03
8.153038097025356592e+02
9.042690392437415312e+02
6.561634260432952942e+03
2.630776476120284315e+03
6.575000146725477862e+03
2.868632384720252503e+03
2.474906002410697511e+03
4.694644329420948452e+02
9.482415175583628297e+03
8.693660924795869505e+03
4.376442558982005835e+02
8.421906329772458776e+03
5.975027188310407837e+03
2.122733551282843109e+03
9.576437052242246864e+03
1.535897961496825701e+03
2.372892713464400458e+03
9.058887628466753085e+03
1.587507888265588008e+03
6.315574168703108626e+03
4.651273419562895469e+03
1.166477991539494724e+03
9.087360778289923473e+03
8.632940032871114454e+03
2.548582487432882317e+03
4.736149017775002903e+03
6.248033414578936572e+03
9.903398356839807093e+03
4.436636618362839499e+02
1.139406170565360526e+03
4.407200745155176264e+03
8.883283994306450040e+03
2.421777286024372643e+03
1.010685291313317521e+03
6.132442032454066066e+03
3.903545110050795302e+03
1.906386004775078391e+03
3.397130854231287231e+03
6.013704521893168931e+03
6.528683607518479221e+03
9.140867308094302643e+03
3.677685827497704850e+03
1.995635659046762839e+03
9.346148458429048333e+03
8.417551407124807156e+03
6.628744617331418567e+02
7.213022035576170310e+03
9.269265897443954600e+03
6.445867601731600189e+03
8.829899575322175224e+03
1.506832814686911661e+03
9.478637880144584415e+03
4.933516147373097738e+02
6.989805692993621960e+03
5.434788058800732870e+03
1.144623253874048743e+02
8.895604035833508533e+03
7.350782495476946679e+03
5.087675084375272490e+03
1.841393509864318048e+03
4.638020967787359041e+03
4.866610308116396482e+03
8.958537320546574847e+03
9.198049562061753022e+03
5.065110370802652142e+03
9.894252686628511583e+03
9.022017414741800167e+03
2.470428900355138467e+03
4.818306275243890013e+03
7.776044225313728930e+03
4.299957836480276455e+03
2.962415080613266582e+03
1.975601681028328130e+03
1.226656476626024187e+03
5.746689920913325295e+03
5.440433026841188621e+03
6.125826735661149542e+03
2.698953993210344379e+03
9.192799153692336404e+03
8.100387948258686492e+02
1.977791011860703065e+03
1.370685018453413477e+03
9.095944194768777379e+03
1.791486319513190892e+02
7.464532266771329887e+03
6.583933918638151681e+02
4.303789170602492050e+03
6.419338677536622981e+02
8.771244986965743010e+03
6.970995292630303084e+03
5.835490009064516926e+03
7.350745970748800573e+03
4.110740781200848687e+03
2.976818670170968289e+03
2.119139736693839950e+03
6.570685981857089246e+03
5.575046310514562720e+03
9.594390922224949918e+02
2.587409481276267798e+03
4.625012461333014926e+02
2.756290250960164485e+03
8.152225799331563394e+03
9.743833712274745267e+03
3.161579838686634503e+03
6.314636626983801762e+03
6.511764197088039509e+03
3.003102447787814526e+03
6.283437482522334903e+03
8.497537546696887148e+03
8.186632240517115861e+03
7.548450163637634432e+03
8.977108399309639935e+03
1.271483340490664204e+03
3.237585497222190952e+03
9.681070847276618224e+03
8.562601687420112285e+03
5.322811671523944824e+03
2.234251880400387108e+03
8.543174201068712136e+03
2.422075249740139498e+03
3.619180596101738502e+03
1.877619764558543238e+03
9.138888702822192499e+03
3.983566388260310760e+03
3.729599601938682554e+02
3.406830848660335960e+03
8.556589487696397555e+03
7.690226552158966115e+03
9.755501602500573426e+03
7.545432360276233794e+02
5.779636379684357053e+02
5.463899369857742840e+02
1.953629053045413002e+03
6.243072102888575500e+03
2.615632232922290768e+03
4.287231185602103324e+03
9.086569970483946236e+03
1.352228688533880131e+03
8.648359220288007521e+01
7.040828209680104010e+03
3.408860956644106409e+03
2.091627983177736041e+03
6.359340350138773829e+03
6.273470840023748679e+03
4.961764392540990229e+03
2.495710985578998134e+03
2.599349759119278588e+03
6.656943572300358028e+03
7.184930113433378210e+03
7.794971956002755178e+03
2.467355013081059099e+02
9.672588084611294107e+03
8.910264949452899600e+03
9.847942750579119092e+03
1.431171407216876332e+03
7.411598169172270900e+03
3.533361667581034908e+03
3.945568322769596762e+03
7.059434543576020587e+03
2.977711606223646868e+03
9.777053840210619455e+03
3.869585596087368231e+03
5.710983452768729876e+03
3.118308226964360983e+03
6.697927891987703333e+03
8.725113252596009261e+03
8.694691743339004461e+03
3.358648945803808601e+03
2.126035136756001521e+03
1.142242717974125071e+03
9.196587962811385296e+03
3.288780319937853847e+02
5.525281371496732390e+03
2.183172936442806076e+03
3.623969512140832308e+02
5.121245156524807953e+02
9.086147248590810705e+03
5.552019758297359658e+03
8.554382479453430278e+03
5.604946362551099810e+03
6.993039446144709359e+01
8.344639978497574702e+03
5.791190445876474087e+02
3.656062389881227773e+03
6.325206035946601332e+03
2.316942492739158865e+02
3.400104296357873409e+03
3.207098924677538889e+03
8.328539303010569711e+03
5.081851954130219724e+02
5.838411401046066203e+03
6.933531901589840345e+03
2.769489545287672627e+03
5.731091898209832607e+02
9.891225988040676384e+03
8.401835074722806894e+03
5.773916536244639246e+03
2.403073752956033786e+03
5.751911656598587797e+03
9.940372794274744592e+03
4.898288091404632723e+03
7.694175102582290492e+03
6.951493240497590705e+03
7.581092383599359891e+03
6.822712184285118383e+03
8.446319459220088902e+03
1.990801447446420070e+03
2.929119052189477316e+03
1.511647531799445915e+03
8.602443449418498858e+03
1.674967273761903243e+03
6.419052578079386876e+03
8.169879400857376822e+03
1.492049385704871156e+03
3.301168752686096013e+03
2.700031721320858196e+03
2.231072845092225180e+03
2.590708693219352767e+02
6.597046184566816009e+03
8.122390474616339816e+03
8.251530195869534509e+03
6.396754883708615125e+03
9.259691683492617813e+03
8.900549343964401487e+03
7.894128653106388811e+03
5.740027568107483603e+03
7.355367582353603211e+03
8.222934116808257386e+03
2.465688702990014463e+03
6.831225932167531937e+03
3.114126204747636621e+03
7.880140949881058077e+03
8.540968291303590377e+03
5.964963300268660532e+03
2.943648675707194684e+02
8.929935928464365134e+03
7.819778049149406797e+03
7.107817967035223774e+03
2.207202195258450502e+03
1.019898984907135969e+03
3.595504448820555353e+03
9.097375406729732276e+03
7.698443564168551347e+03
2.833120168703001127e+03
8.962258245576687841e+03
6.441302626191375566e+03
6.332000021357124524e+02
2.948042584948913373e+03
3.420667499662348746e+03
7.641647968907524046e+03
5.400248825424882853e+03
2.654148203691034269e+03
8.598345044957583013e+03
6.150066209018380050e+02
6.222771260299575260e+03
1.430683492334437460e+03
9.004495443612902818e+03
6.347498988723948969e+03
3.954978311877333908e+03
4.928746955803248056e+03
1.902501390712750890e+03
4.065057578870804718e+03
1.527223879419323794e+03
3.939602916158107746e+03
6.055359782045491556e+03
3.725753885764125698e+03
3.343019256509838669e+03
2.403863630593175913e+03
5.596341533730801530e+02
3.079774684184229500e+03
4.242181392894329292e+03
4.872363012744535808e+03
3.227396394557374606e+03
2.469334780355368821e+03
1.410724169343120138e+03
5.543038155847182679e+03
6.174667325573541348e+03
3.520609805992107340e+03
5.118176440971408738e+03
4.808537414164216898e+03
8.921889773858554690e+03
8.397861574557173299e+03
3.318524561845140397e+03
9.110863026648613641e+02
3.743940819469882172e+03
9.287693158534006216e+03
3.410990785125815705e+02
8.693948150924154106e+03
2.410806483438778685e+02
7.484925889034167312e+02
8.082428905603718704e+03
5.502187704591015063e+03
3.269062081011310283e+02
2.191064376092328700e+02
2.356975126213430030e+03
8.926009957585418306e+03
7.068734679438979583e+03
3.322101524291185797e+03
8.040990159746808786e+03
8.409031359443530164e+03
3.477507814492971647e+03
4.375999467571036803e+03
7.126803681374961343e+03
7.796780943953893257e+03
7.789844456968087798e+03
6.289322934526433528e+03
9.267001573825171363e+03
8.465845361760657397e+03
6.124521194369519435e+03
9.882133695537451786e+03
1.680847943155642270e+03
5.152891957270109060e+02
4.613419886556903293e+03
6.110967504031835233e+03
3.601093624201243074e+03
1.979425345988947811e+03
4.628983067088184725e+03
3.889841562747465105e+03
8.185373717875897455e+03
7.297572116092322176e+03
8.143704566361119760e+03
5.975416413783705138e+03
8.446677198493720425e+03
6.821157395561050180e+03
9.233678051195474836e+03
5.585015035177604659e+03
5.036745463448850387e+03
2.958161929303815214e+03
8.895865282182916417e+03
4.248268786147360515e+03
4.961061848312758229e+03
2.945247667435256062e+03
6.083483592576372985e+02
9.123915502768626311e+02
5.151261929820712794e+03
4.914367698239279889e+03
6.966805411995289887e+02
9.762898290036855542e+03
5.452065560449749682e+03
1.740473661375978054e+03
5.467567672973404115e+03
8.489645572463736244e+03
3.755598792262411735e+03
8.646849374769915812e+03
4.066525752741366887e+03
5.962501632914426409e+03
6.020353107952910250e+03
7.958408456981124800e+03
7.862343420148515179e+03
8.339733741543373981e+03
7.304926285415357597e+03
2.380338057559892604e+03
4.422251876217602330e+03
5.536411830658189501e+02
8.931865920438214744e+03
2.868348057534465170e+03
7.096082093222272306e+03
7.512410867061333192e+03
2.702267290010080615e+03
3.530545603645933625e+03
6.405222911140583165e+03
4.403384817577125432e+03
3.129919288818714449e+03
5.148085360371664137e+03
8.163154400692407762e+03
9.772553336483262683e+03
7.627081354870380892e+03
7.791058506729948022e+03
7.839437308007839420e+03
7.200694473205244321e+03
8.464107581466825650e+03
7.076541362396306795e+03
1.864102762181974242e+02
7.742017112947486567e+03
8.320004104180165086e+03
5.444791825528457139e+02
2.014725206276151994e+03
4.182449421088277631e+03
3.723432689540876709e+03
5.979731296803464829e+03
3.419402732949773508e+03
4.800196019489547325e+03
6.092770240350055246e+03
1.100071592276866113e+03
2.316688873149968458e+03
8.263452070038845704e+03
3.274900589296030375e+03
8.617869308793773598e+03
2.095944744572158015e+03
9.507530279248921943e+03
5.362003338232728993e+02
1.418359560014703220e+03
2.713229114126657805e+03
2.002098537556688825e+03
4.778129377518823276e+03
2.599810737807015812e+03
5.794347200070966437e+02
8.606340394585176909e+02
7.557514381290569872e+03
4.998888858601005268e+03
4.303974411983563186e+03
8.257474912829906316e+03
7.190216338189291491e+03
8.630518194492166003e+03
3.211716892855793503e+03
3.459704362762543042e+03
4.840299813452879789e+03
8.885313638884865213e+03
5.632015827812968382e+03
5.414103637160712424e+03
2.822885504750945529e+03
6.265212932898492909e+03
2.702601790891127621e+03
4.898957448793481490e+03
1.340028062050668268e+03
8.223784589149392559e+03
9.945087066957994466e+03
5.431660727459815462e+03
5.408465979834027166e+02
2.014398036434316737e+03
8.020028503184994406e+03
1.285380585310908145e+03
4.211444081028917935e+03
5.531744146065802852e+03
5.993198038295401602e+03
5.555740164907909275e+03
1.181416306199394057e+02
1.188375392135804532e+03
5.167526395054565000e+03
9.742761215033113331e+03
1.440482115357428256e+03
6.633484998277969680e+03
4.463366169407160669e+03
2.892197325057616581e+03
7.220746361887105195e+03
9.188821547758852830e+03
7.943005265276791761e+03
8.485658840718660940e+03
9.654810932567790587e+03
1.903380073683039654e+03
9.052289242552222277e+03
6.221296794300304100e+03
4.040716882782317043e+02
9.482942280761355505e+03
5.965256791887995860e+03
7.814426550827107349e+03
8.326853746152580982e+01
6.951273547444476208e+03
2.996696828776210168e+03
5.463513140019741513e+03
9.915339845539532689e+03
6.143534385274462011e+02
4.293402077321053184e+03
2.333311769174455549e+03
7.718299372456975107e+03
3.069414411257042957e+03
3.279249442251116307e+02
3.585591473410477647e+03
5.645533732649087142e+03
2.674237732383723596e+03
2.867601632771399636e+03
8.156900777267105696e+02
5.855444040162196870e+03
4.557471747130722179e+03
9.277028841933870353e+03
6.992144948322050368e+03
1.983137822370475078e+03
8.388725597226833997e+03
9.991626564243972098e+03
6.105162629478546478e+03
1.656755369544524825e+01
1.349444743910748002e+03
8.051978159364274688e+03
9.724486753179789389e+01
8.884045441655223840e+03
7.688066247705563001e+03
9.095242387494057766e+03
6.878648822542817470e+03
8.058630576775360169e+03
2.635644639769281184e+03
1.516258860967302553e+03
7.328763958474974061e+03
4.081518379040377113e+03
7.155125917792447581e+03
6.456513130975899003e+03
3.982170905090983524e+03
7.945202109062306590e+02
7.465071395542797291e+03
6.196649505252613380e+03
2.293808087455121040e+03
9.189753279905320596e+03
4.717139012326214811e+02
5.756724807154888367e+03
5.731013832595734129e+03
5.963184918767773524e+03
2.012865171036703259e+03
7.889029832911145604e+03
2.155043104476736744e+02
6.358595760872026403e+03
5.976231709968475116e+03
3.809917214009950840e+03
4.170143229188631267e+03
9.007966419463797138e+03
1.426532999851974182e+03
2.451042229425047481e+03
3.617444232885080964e+03
7.734015103232693946e+03
3.525928354964448317e+03
2.474487022696864187e+03
1.991645599618803089e+03
3.139748321269282769e+02
8.589614758038400396e+03
3.866099517936785560e+03
6.290130930720231845e+03
6.372915543590032030e+03
5.804011300898589070e+03
5.935958540032292149e+03
1.837924475008949798e+02
5.073620976542460085e+03
7.825217934943797445e+03
6.116609568296299585e+03
3.907611322908326201e+03
3.763453350395231610e+03
7.029350308964727446e+03
5.817401234666322125e+03
8.707049796433246229e+03
4.873052223649830012e+03
3.307756908141443546e+03
5.861956036522808063e+03
8.742880797186640848e+03
3.842320156798547032e+03
9.912264194716506609e+03
8.669341963550503351e+03
3.562416183334279594e+03
4.904690823248013658e+03
6.327356259765238974e+03
7.946989668374709481e+02
7.201611326171238034e+03
7.531385727457464782e+03
9.936367469326147329e+03
7.651804505478382453e+03
9.584452833657134079e+02
4.298939052072531013e+03
9.499572430119145793e+03
4.483893924654263174e+03
4.469857518154820355e+03
9.009368136152359511e+03
9.800933571905656208e+03
6.075505434022749796e+03
2.065366902533410212e+03
4.788235783144363268e+03
8.207686560715441146e+02
7.848218480580041614e+03
5.307182090562830126e+03
3.951421800831921701e+03
6.185599438058675332e+03
2.753682203686069442e+03
8.466865445139315852e+03
4.624841167305437921e+03
2.018408594109749288e+02
8.483469716253241131e+03
4.336418279665957925e+03
9.113237017225239470e+03
9.272453749443865263e+02
9.980538829981589515e+03
7.827127318471154922e+02
9.877410493078183208e+03
3.747731385046752621e+03
1.249930620127145176e+03
4.058380203552863350e+03
8.385093307290342636e+03
9.160334638092392197e+03
5.523287962899727063e+03
9.183233772338126073e+03
3.773935454076871792e+03
3.599437282250220505e+03
6.000843704863650601e+03
2.155398206951780594e+03
6.388099119014793359e+03
6.819506435265243454e+03
8.837639354430881212e+03
4.949399925320258262e+03
8.885592606055424767e+03
2.245591681291872192e+03
4.625521472790042935e+03
7.383777364814848625e+03
5.972920753476581012e+03
6.978003201895682651e+03
9.542905273789427156e+03
8.056507044633147416e+03
3.106838949406786924e+03
5.947568138977805575e+03
2.737591607535868206e+03
5.608335195733353430e+03
3.768439123043084692e+03
1.540193569342658975e+03
3.357501284508767185e+03
4.859781003568263259e+03
5.146667955964714565e+03
9.126243858066678513e+03
5.062736354777326596e+03
6.550662198056304987e+03
8.115380818060426463e+03
1.250721633084238647e+03
6.812867910171963558e+03
4.071133146293464506e+03
3.938505692794066363e+03
6.280967308589088134e+03
9.625975830457660777e+03
2.178646104740568262e+03
7.566477491828277380e+03
8.004730834619757843e+03
9.225889551515976564e+03
5.816081487641026797e+03
1.787951227180643627e+03
2.175814995701231055e+03
2.440710616774329537e+03
1.307109660128486439e+03
9.486001664517794779e+03
8.744471251815193682e+03
6.700976874077954562e+03
9.626185738695641703e+03
7.166596038979772857e+03
3.655100838559334079e+03
1.767343858854316750e+03
6.555310450820946244e+03
9.248209744611118595e+02
3.399886244691084357e+03
2.924622779624990017e+03
5.099758040607524890e+03
8.186075792600076966e+03
7.241340377830608304e+03
9.427768209062898677e+03
6.750631787685031668e+03
8.438149896696830183e+03
7.454325698520347032e+03
8.182106689312739036e+03
8.142623687757806692e+03
6.583305604664734346e+03
4.815048251051595798e+03
5.502302116616549938e+03
5.353883903505488888e+03
2.349447444628254289e+03
5.214487435185190407e+03
6.557020810742166759e+03
7.645748745282373420e+03
5.719543613128589641e+03
9.072774138303628206e+03
8.493318746340775760e+03
4.337139047727938305e+03
2.868330277799844225e+03
9.189606828752146612e+03
5.064263820388278873e+03
3.380791185664027125e+03
7.164101080464778533e+03
9.516102606568725605e+03
6.651416983180593888e+03
5.416043692746141460e+03
9.596192839121446013e+03
2.058247876862345038e+03
3.915970539256900338e+03
5.979366096102167916e+01
6.773025483019152944e+02
9.728299860291519508e+03
6.363350380247947214e+03
7.088126962773445484e+03
5.564331085459112956e+02
9.980950295860395272e+03
7.688430928005768692e+03
6.459546048647249336e+03
7.063726749335079148e+03
7.187708237534262480e+03
6.044374329449766265e+03
5.005939612749628395e+03
6.220604283996220147e+03
9.809289218345287736e+03
5.214627685927735911e+03
3.548338424981873231e+03
8.675373404025091077e+03
6.156996262745167769e+03
1.439957633373656790e+03
5.810313839121970886e+03
4.509557233373908275e+03
4.973596258327134819e+03
8.966077776871796232e+03
4.313562739319934735e+03
1.950415240681697696e+03
4.647928188038548797e+03
6.025121013830504126e+03
8.979138904317069318e+03
6.587351600500860513e+03
7.891065021193338907e+03
2.946627936490583124e+03
8.081217305230215970e+03
1.676099020296292338e+03
9.823973744597706172e+03
5.725556705314476858e+03
6.194391566602302191e+03
6.580730860115687392e+03
4.255280413839019275e+03
4.961786878161489767e+03
6.047332326809962979e+03
5.783624546819274656e+03
9.263981154570390572e+03
1.712395222449436005e+03
6.422534782611872288e+03
8.101564522011840381e+03
4.277751341118680273e+01
2.313625938068197229e+03
1.076239372574279287e+03
6.668693722126739885e+03
6.003335059257142348e+03
8.764496547748385638e+03
1.665882992392907909e+03
9.068729515036851808e+03
4.871079994115661975e+03
9.267352419085173096e+03
4.233880195073842515e+03
3.975477940728101657e+03
7.669545829913878151e+03
4.023219273262480783e+03
7.262929675291654348e+03
9.493094926600371764e+03
8.921978200128040044e+03
2.999080472536785237e+03
3.111718949514176984e+02
6.432688527001163493e+03
2.478531002625931706e+03
7.178903355845701526e+02
7.162511262966042523e+03
7.017785880685099983e+03
2.347091094621454431e+03
7.701504586029373968e+03
5.616514303889072835e+03
3.291601377835648691e+03
9.431383870597110217e+03
4.222427269257102580e+02
7.214642519884992907e+03
7.572801394030921074e+03
4.089399614159605335e+03
1.996253253359510381e+03
5.579937639536939969e+03
5.575922876095954052e+03
5.771368359669929305e+03
7.654707613844164371e+03
7.297641009529397707e+03
3.680505603134663488e+02
3.500902216627572670e+03
4.187645466819980356e+03
3.856277187440045054e+03
9.569219542203170931e+03
1.647949461174475800e+03
3.107365396147745741e+03
7.441277524015587915e+03
9.330480036174085399e+03
1.101741468458826830e+03
8.242442708520980887e+03
5.364194101540871998e+03
3.091213322307405633e+02
6.219534325180659835e+03
9.458650643773795309e+03
9.675384226933045284e+03
9.827629545596710159e+03
4.642966494208706536e+03
5.386366918056723989e+03
2.684091316629346238e+03
7.670055595141275262e+03
9.032620535013529661e+03
8.164971578084572684e+03
4.230745131145507912e+03
9.028552584478471545e+03
6.411022871998907249e+03
9.245506188220276726e+02
6.683729841915465840e+03
2.585109332084015023e+03
5.575606558127811695e+03
3.291714842651491381e+03
6.847779736211501586e+03
1.980639455367537039e+03
5.277679933500886364e+03
7.954075482970007215e+03
7.453375411663115301e+03
1.768137661114966932e+03
1.105775065246860152e+02
9.549954567470407710e+03
2.461570651179925335e+03
7.245883627295438600e+03
4.533283939533047487e+03
8.572046887361595509e+03
9.416881483275217761e+03
6.292491195368875196e+03
7.558938382114228261e+03
1.044693201026517045e+03
3.014804212616377754e+03
5.672218229582371350e+03
7.573642628876974413e+03
6.715471902043289447e+03
2.850631257135909436e+03
8.953014837596485449e+03
6.421444252376161785e+03
8.384995764637173124e+03
2.626681915592708378e+02
6.100322700464041191e+03
7.860687008267621422e+03
7.643811512837617101e+02
5.990568438242430602e+03
9.799388929331649706e+03
4.630876566504190123e+03
2.612649242424768090e+02
9.560181520328140323e+03
2.775232374655343847e+03
2.358854987465231716e+03
1.519387737650115014e+03
3.683591362735585335e+03
2.439490071039039663e+02
4.198827634256023885e+03
1.985630391879550643e+03
1.766447978864443712e+03
3.366275708516369832e+03
2.735340287201177034e+02
6.931054818270788928e+03
5.983415634556899022e+03
3.097923796160248003e+03
8.332905777061921981e+03
3.048706185889848712e+03
1.364486219053633022e+03
6.686751534810653538e+03
4.024425251920776645e+03
3.817857618697012640e+03
9.618459351758403500e+03
5.880874839256582163e+03
8.961662177663951297e+03
6.086907131597179614e+03
1.932774607031984260e+03
8.488215217013881556e+03
3.267513653673492172e+03
4.442071018073984305e+03
1.908648099910609062e+03
1.493056755500295822e+03
3.849549737748888674e+03
9.980409602139814524e+03
8.640779476424539098e+03
9.010922656942528192e+03
1.680402945873682938e+03
1.495945434369699569e+03
3.681320020936527271e+03
2.109438601964234749e+03
9.443371144063763495e+03
4.498896526282681407e+03
6.655148571547283609e+03
2.024044804669239284e+01
7.882022668761295790e+03
5.756893673468077395e+03
8.981891034887643400e+03
5.575843413757420421e+03
2.279161367967827118e+03
2.532318698357008543e+03
5.861944028064802978e+02
6.298042173506761173e+03
4.671151842261356819e+02
3.695981368534565263e+03
2.139806150547207380e+03
4.168170059531273182e+03
1.450928966372334116e+03
1.457400932724170389e+03
