3.133677661963804439e+03
1.572348612121589213e+03
8.218991199070959510e+02
3.657458747140413635e+01
4.984183870526477222e+03
9.978101235036549042e+03
3.509749272909538377e+03
2.840605280289678376e+03
1.105423294360961791e+03
3.607944058655822062e+01
9.201559667417459423e+03
4.039340168890912082e+03
9.889902289037238006e+03
6.038084453798093136e+02
8.648938406515975657e+03
7.034681957490866807e+03
2.531507961853830238e+03
1.723639926289180721e+03
8.937832018888773746e+03
1.243055446584953188e+03
7.893074038475311681e+03
2.030411696719974543e+03
2.663791274341548160e+03
8.668898731306380796e+03
3.328578058553954406e+02
7.235487588644811694e+03
9.308741866761334677e+03
5.461844762148496557e+03
8.531746788052119882e+03
9.444423487525151359e+03
3.554371727900141195e+03
6.620468097758695876e+03
2.184467699763084966e+03
9.402904736761243839e+03
8.226088031876259265e+03
7.211998753615058376e+03
3.732528541676808800e+03
9.043508766797342105e+03
4.799873815895425651e+03
9.825476735173926954e+02
6.486048031762446954e+03
3.894941852711497177e+03
6.758175462121949977e+02
8.088233245142911983e+03
8.606266328664201865e+03
2.324741933296690149e+03
1.905251972461325749e+03
1.726912731547557200e+02
7.537709004654039745e+03
3.185126513248154879e+03
4.284818182263602466e+03
8.367662833569660506e+03
1.364793468323315153e+02
3.407009821156140788e+03
5.065974864536762652e+03
5.205357556431048579e+03
7.997246901215109574e+03
4.125845223734230785e+03
8.837821775733378672e+03
6.608311251071648257e+03
6.763213099466486256e+02
9.031061145976242187e+03
9.440497557111215428e+03
4.424497648577250402e+03
8.504114216642055908e+03
9.309194193355616562e+02
9.258615031706514856e+03
9.984380852939340912e+03
6.871755746291585638e+03
6.182599388954181450e+03
3.570630576509257480e+03
8.688817368958794759e+03
2.412822223919295084e+03
9.101343781836967537e+03
2.817977797919414115e+03
3.095885659803082035e+03
7.297644755988601901e+03
8.040318483061264487e+03
5.791012202355660520e+03
2.643879859956392011e+03
2.665628827058571915e+03
9.420188194578853654e+03
8.290348813867201898e+03
3.330435195706928880e+03
7.944836913577451014e+03
5.512557116388477880e+03
3.481990654919389726e+03
7.909755290545991556e+03
4.451797314780846136e+03
9.473182620996230980e+03
3.036047859634285942e+03
7.575005259424008727e+03
7.973760259609419336e+03
2.753117712439274783e+03
4.476651463384823728e+02
6.125962993720286249e+03
4.486650500378517791e+03
2.544938441020728078e+03
4.483512868729162619e+03
9.230827789217553800e+03
8.498067112304175680e+03
3.650920201965872366e+03
3.160932887156201332e+02
8.565822992253420125e+02
3.558549748242176975e+03
2.545949136291354534e+03
2.459094620428377766e+03
3.275427009911597906e+03
7.844770748121497491e+03
4.774262521833175015e+03
6.439191754992731148e+03
9.339545752834605082e+03
2.605041299523235921e+03
4.169806235514540276e+03
1.927009928771356499e+03
6.383531599935085069e+03
4.943720862263263371e+03
9.468048979658979079e+03
9.848800735717226416e+03
3.683909238843413732e+03
3.123782094113350013e+03
8.587572269256421350e+03
2.276980610672730108e+03
2.271163537536005208e+02
7.538811449255259504e+03
4.834913362956437595e+03
8.722819913645480483e+03
5.798085170800482047e+03
6.900666312068221487e+03
1.705910178673572943e+02
9.863388119935068971e+03
5.658955701874438091e+02
4.919892686051347482e+03
2.253141844661592586e+03
7.873638532712028564e+02
2.791584586264160862e+03
9.494103304791098708e+03
5.806465942650836951e+03
7.756766652505816637e+03
8.745292365904833787e+03
1.909332027784848606e+03
4.848493836947769523e+03
7.738682600193174949e+03
9.138949541349584251e+03
9.626677342278540891e+03
9.059579737693371499e+03
5.508234597023216338e+03
4.749493978849123778e+03
4.513141926015075114e+03
2.544625076839748544e+03
1.180592069744820947e+03
2.305358917824704861e+02
7.951872327630640939e+03
7.338608081498198771e+03
8.701343122874473920e+03
4.017743283753490687e+03
2.088394934377659865e+03
6.635602709283001559e+02
6.416852558971193503e+03
4.883690433143632617e+03
9.469557101362141111e+03
9.339177774319741729e+03
5.776604738435612489e+03
8.744569666442812377e+03
3.189780158945640324e+03
9.820327195329253300e+03
5.149029645744211848e+03
3.367993133881140693e+03
1.295014796321336462e+03
9.406060081243844252e+03
4.394098920020373043e+03
3.637665494926427527e+03
8.955108024624838436e+03
9.343287461696701939e+03
3.719076027147138120e+03
5.519131805963422266e+03
1.247578652901737314e+03
6.620826742381806980e+03
8.301983138657960808e+03
2.337971703357381728e+02
6.818611249275015325e+03
4.192633735507792153e+03
4.758816342599481686e+03
9.861304505091824467e+03
3.217825757328039344e+03
9.709815147548355526e+03
4.120922899959109600e+02
2.611936864553403211e+03
8.909017015245330185e+03
5.971940341163705853e+03
6.285490025586883348e+03
6.825500921569506318e+03
3.974181398057572551e+03
6.737993255727922588e+03
8.076679731439555326e+03
9.467743834595892622e+03
4.535345646973529256e+03
9.156814485967708606e+03
7.974662578263008982e+03
1.632209295247945875e+03
3.866465009642883501e+02
2.657626107511956889e+03
5.496668110674973832e+03
5.315203677929044716e+03
9.799837060763467889e+03
6.817024574002821282e+03
8.127628128290754830e+03
4.034182058245430198e+03
1.471097445337964018e+03
2.244805542005008192e+03
2.079598549007175734e+03
4.721550238614174305e+03
6.787700110292045792e+03
1.085004965314033370e+03
3.333844336741088341e+02
9.837741297975471753e+03
3.451695939032472779e+03
4.585394735581833629e+03
7.477978716511577659e+03
5.975946249675480431e+02
7.607868607174041244e+03
3.178866088450763527e+03
1.768975342218548349e+03
9.911375825047267426e+03
2.394559191880049639e+03
5.215116042605592156e+03
5.265519499965323121e+03
6.871306819400700988e+03
7.733861625704406833e+03
2.689226037287462987e+03
4.819644909799411835e+03
6.362673066206186377e+03
3.142034906285728084e+03
8.985437990160195113e+03
8.943886109646993646e+03
6.825003176046547196e+03
5.551332078119366997e+03
4.871672731653657138e+03
2.520248174190079226e+03
5.876786992764330535e+03
6.137270940696910657e+03
4.261974933202122884e+03
2.326594985171590906e+03
7.768042505094550506e+03
4.214576333263506058e+03
1.102913116712159763e+03
9.318863251151661871e+02
1.651884572989790740e+02
6.181727499758248996e+02
7.534185593534267355e+03
8.317757879222668635e+03
3.358272192556427740e+02
4.320512655469435686e+02
1.649933476450610442e+03
5.839844653895464944e+03
3.562605281717408616e+03
5.099939519502921030e+03
9.120334534959658413e+03
4.967748558914970999e+03
1.966037078226367157e+03
8.515608988617956129e+03
5.424299684795211761e+03
2.765130643005286856e+03
7.612581905951858971e+03
9.507272434801785494e+03
9.005673090351860083e+03
2.655317307296492800e+03
1.810816494895829010e+03
5.226768010898110333e+03
7.125742891434522789e+03
1.832551878920403396e+03
5.797371659507079130e+03
8.851458645650032850e+03
1.685586044719046413e+03
4.756159467610330466e+03
3.627025736814964148e+03
2.778169376781601841e+03
6.202063160445399262e+03
6.749087834450559058e+03
7.458625939157277571e+03
2.302374038656030564e+02
3.947663228964775499e+03
8.674669704372907290e+03
6.176513068137031041e+03
8.759175247164814209e+03
8.101697164377696936e+03
2.442760573754708275e+03
3.822528018004908972e+03
3.079655837020321087e+03
4.970370688137696561e+03
4.184851747828435009e+02
6.974334934546003751e+03
4.185663036013081182e+03
4.372205868251385255e+03
9.317208951966664245e+03
5.742085828453327849e+03
7.405030250719218202e+03
3.098909451820063168e+03
9.503839704605074076e+03
1.232584937328804699e+03
8.625714811890476994e+03
1.651176233241976661e+03
4.741411899466690556e+03
7.022308409628971276e+03
1.157120898616945851e+03
5.351431101517736352e+03
7.169160447790613034e+03
5.793944450140968911e+03
7.922376172148334263e+03
8.828425119982084652e+02
7.945917739954296849e+03
2.883125221115210024e+03
3.604949471959977473e+03
5.488222235292590995e+03
9.875779326142001082e+03
3.061132382779599084e+02
1.121632235980032277e+02
2.825873699643672353e+03
9.327720984266234154e+03
5.997982833639848650e+03
9.967031406441985382e+03
2.668490143822249138e+03
4.334343040927908078e+03
8.157127697446074308e+03
3.081198395403546328e+02
5.752057258720418758e+03
3.599367904641869131e+02
1.905662720682441886e+03
6.670909638598944184e+03
4.144777996459344649e+03
3.895355736571522357e+03
2.101650939718036170e+03
3.900913272342557775e+03
7.465576761812713812e+03
6.258484212715525246e+03
4.411322914268956765e+02
5.701576501284925143e+03
7.955769662153817990e+03
9.509252607602089483e+03
5.025055020680414600e+03
7.006374141012913242e+03
8.463371706734449617e+03
3.637596701193409899e+03
2.865496974048668108e+03
8.562728599785195911e+03
6.084359303394030576e+03
3.933124463711243607e+03
5.977776517010735915e+03
9.350371956270035298e+03
4.264184637813820700e+03
9.426767311654668447e+03
6.512018498507210097e+03
4.552972876572444875e+03
8.980126096090287319e+03
6.157582544725926709e+03
7.312209516330165570e+03
1.634576578521470083e+03
4.998461674976692279e+02
6.311047792268439480e+03
4.661528547567345981e+02
9.815201884363199497e+03
3.862624173937106207e+02
6.422012504027989053e+03
8.801785021944757318e+03
4.051541495900216432e+03
2.032075951326393806e+03
4.166795966266628966e+03
9.651303219910134430e+03
1.644161450498813110e+03
6.296281413682892889e+03
7.966642377340825078e+03
4.470783547753370840e+03
2.552009086633319384e+03
4.609802910818032160e+02
2.640190165323756901e+03
2.150857705775002614e+03
9.387287883379940467e+03
8.528078550429991083e+03
3.890108855479965655e+02
9.339155316772241349e+03
6.687106570690200897e+03
7.001699395298847776e+03
2.572923806877118295e+03
5.529879702782167442e+03
4.856901221719900605e+03
8.872140839395755393e+03
9.906963178118667201e+03
4.734416648186953353e+03
8.426021105395648192e+03
7.603319623902384592e+03
8.840509041856012118e+03
7.849151587788317556e+03
7.182063402270268853e+03
9.222669301120524779e+02
1.261809961955965036e+03
9.668628758849386031e+02
6.442435919537449081e+03
7.336458789306130711e+03
5.544811613557475539e+03
6.098657451742762532e+03
7.113161400150341933e+02
4.127858732040909672e+03
9.036821915137274118e+03
6.582313259760640904e+03
1.751874460399524196e+03
3.140555449096415032e+03
3.598145032389109019e+03
9.838714785461159408e+03
5.942508126160832660e+01
1.804008443063260984e+03
4.332104203500004587e+03
4.183138655961857694e+03
9.844495001889737978e+03
3.366848314828536331e+03
6.803431504929852053e+03
9.859082071325690777e+03
2.095513591567314052e+03
4.421198430679338344e+03
2.729573749576469254e+03
6.177791719012527210e+03
7.455056923284862023e+03
1.968503155002103085e+03
1.923676838577337548e+03
1.579333821103087530e+03
1.413089862322996851e+03
1.741142469357614118e+03
1.921429003500131785e+03
3.193756202332193880e+03
1.482552553242217073e+03
2.266116879935226279e+03
1.763618628924766426e+03
5.123684501841273232e+03
5.830652735249012949e+03
1.807019354750019318e+02
9.596424043325983803e+03
5.278447507336642957e+03
9.074100686552490515e+03
3.349042130974558859e+03
9.418111461118114676e+03
4.723870939911455025e+03
4.363452040260328431e+03
3.094730921762366052e+03
6.894374273012976118e+03
4.562583892808622295e+03
6.297632824684013030e+03
5.278129278842768144e+03
9.458872407337561526e+03
5.660171924194130042e+03
7.974410753845874751e+03
3.354851466977401742e+03
5.527399954329951470e+03
7.249693279472306131e+03
8.115760210259687483e+03
9.499985332817317612e+03
2.675057473964130168e+03
2.407532291575362251e+03
2.560314485045009405e+03
5.128547494567273134e+03
8.148316710756535031e+03
5.272866911585498201e+03
5.897143526744496739e+03
8.352314768357695129e+02
6.882786718367419780e+03
6.404829679645457929e+01
2.462603725155866869e+03
1.865785154286465058e+03
6.450486076256650449e+03
6.507911835051005255e+03
6.869177356811647769e+03
9.013692848252670956e+03
1.456216106582982320e+03
2.556348489960085772e+03
6.053554986578296848e+03
8.984041371584846274e+03
5.752264050892037631e+03
6.198985926119034957e+03
7.052990036864792955e+02
2.825954702792989792e+03
1.128739445472723219e+03
7.622399409395700786e+03
7.638110270801399565e+03
5.644773894991071757e+03
6.833456495594492708e+01
3.739242824484928860e+03
1.022892683961060357e+03
4.762892959091345801e+03
4.706486572634098593e+03
5.359188927281397952e+00
7.840922256595102226e+03
1.958292539859347244e+03
6.627486267026134556e+03
4.234800295053229092e+03
9.907819503374381384e+03
4.988161069858768315e+03
1.393645558949572887e+03
8.864716094515117220e+03
2.694713637454849049e+03
8.138742371556138096e+03
5.047124649612242138e+02
9.828572866559605245e+03
7.725191974833863242e+03
2.531971967271104404e+03
2.983478249627449713e+03
4.609647642534661827e+03
1.671128690525030606e+03
1.986065273869119210e+03
6.324623085810636439e+03
8.523952824167621657e+03
3.782853055310579748e+03
1.031532971049535490e+03
5.554420638939530363e+03
4.291624020675404608e+03
9.177289683537124802e+03
8.656162097855851243e+03
9.884735517243201684e+03
2.549905002694742507e+03
8.936042744662701807e+03
9.206265862223217482e+03
4.945967436678995000e+03
3.506715254092066971e+03
2.413765502139743603e+03
7.847768193015859651e+03
1.872236051318658383e+03
3.405298981258701133e+03
5.328693263064451457e+03
6.872145969072344087e+03
8.148404956307759676e+03
9.175452864568553196e+03
4.079405910267412764e+03
6.112542952956884619e+03
8.365902848952884597e+03
7.092352273262034714e+02
2.007736689165999906e+03
6.378138272756326842e+03
7.477001702464392110e+03
9.516244426658191514e+03
7.676363026460375295e+03
8.684515573779342503e+02
8.816911188082709486e+03
2.794294911161605796e+03
2.612066341467665552e+03
8.870731003610349944e+03
6.883371588764473927e+03
4.473310080697006015e+03
7.819231748009729017e+03
2.552827295991456140e+03
3.652580483799089052e+03
2.122616690693125292e+03
4.065437163715846964e+03
9.160818339524860221e+02
5.723771233037883576e+03
8.723811385420789520e+03
7.658689113376701243e+03
9.630725904505585277e+03
4.266387919808825245e+03
6.479629162118276327e+03
4.004059846234144516e+03
3.467250507463281792e+02
4.478483611783622109e+03
3.203575497981951685e+03
4.472699009916895193e+03
7.146238663740891752e+03
4.928857013042174913e+03
6.181964383445949352e+03
1.596138335490559939e+03
9.919918156130437637e+03
3.749089683361733023e+03
4.571405091511913270e+03
2.715199052685340575e+03
7.844727230101555506e+03
1.877288193740876750e+03
3.441958406364213261e+03
2.351916522360446834e+03
2.214313998773617641e+03
3.711071494595835702e+03
7.249167077676206645e+03
8.965252226332653663e+03
4.743544384085877937e+03
9.988861825818999932e+03
2.788648221732281854e+03
4.795560482444634545e+03
2.590588839669490881e+03
4.272973952464910326e+03
4.471421129711869980e+03
3.285066980227237764e+03
7.793839871264786780e+03
1.201724364368467150e+03
3.275164481385053932e+03
7.621254370095943159e+03
6.172915180869162214e+03
3.831475166829971386e+03
4.206633970290726211e+03
8.217964898938516853e+03
8.667951640043493171e+03
7.048606195564159862e+03
3.384495495353399292e+03
2.372647946426513045e+03
1.936229803664472229e+03
2.691804490914944836e+03
5.370035859958443325e+02
1.594760660416634437e+03
3.464170532572339653e+03
5.787521813849806676e+03
5.962123832833033703e+03
8.682726630483302870e+03
6.675834727751529499e+03
7.267135211249669737e+03
6.231410959515681498e+03
5.542267135093900833e+03
1.907822787759271705e+03
7.422085781090200726e+03
9.039785635666561348e+02
1.708631181769554814e+03
9.465450298418796592e+03
9.816136408509424655e+03
5.656329024011589581e+02
1.883211275569275131e+03
2.056803428439961408e+03
5.942434511385863516e+03
2.334950716259480032e+03
6.679380351334498300e+03
9.669248376777701196e+03
1.113384504206629799e+03
4.995149991024821247e+03
6.357976764352280952e+03
5.160670910208989881e+03
1.224426729302301055e+03
4.133315641469486764e+03
2.691388319910672635e+03
3.911083845318808017e+03
2.942666052312309603e+03
6.171570873882487831e+03
4.935987148982006261e+02
1.278482976061889076e+03
9.666813729489984325e+03
3.119456196601721786e+03
6.860728243105890215e+03
6.667647739702420949e+03
6.085990447203360418e+03
3.526281282100253975e+03
2.103384286283288930e+03
1.499946225251492478e+03
3.261476133469082470e+03
3.187942986542734161e+03
1.823113428901010366e+03
3.703816999045305693e+03
2.273311900997733119e+03
5.065891228035411586e+03
7.135108096463362926e+03
9.163231751332665226e+03
4.958270788241981791e+03
2.309476207076274932e+03
5.980250543311624824e+03
5.503135920602278929e+03
1.690175296854053386e+03
6.497251369494139908e+03
8.731810932666071494e+02
2.051757670018457134e+02
8.133216438369558091e+03
9.380989400883479902e+03
2.249947085168537797e+03
4.668189918060519631e+03
9.936739947076914177e+03
2.396466067293045398e+03
4.989095720513822926e+03
7.743798024886436906e+03
5.818854983416212235e+03
1.738922115007010916e+03
3.683802806928103564e+03
4.420949320772594547e+03
6.286642097939548876e+03
1.453579316779583763e+01
4.521633419393558142e+03
2.218060472022979411e+03
7.235936179565272823e+02
1.648364926039715783e+03
6.633025909893639437e+03
2.545914954377995855e+03
3.756660551335689433e+03
9.853834920325953135e+03
6.206369192317972193e+03
7.159435643347183941e+03
7.792762504603320849e+03
8.036974162184391389e+03
4.751563169050939905e+03
5.074302950401737689e+03
8.542787564921738522e+03
3.231699652115294157e+03
2.748360183298085758e+03
1.915628958883911764e+03
5.889952346319840217e+03
1.224214910216628823e+03
9.065543193645453357e+03
7.368551542246075769e+03
6.995764084963596360e+03
3.516656756784650497e+03
1.752602109688053133e+03
7.279383818523726404e+03
6.461495126144061942e+03
4.442927211337034350e+03
1.556703150758194624e+03
6.269262611344937795e+03
8.009603748982044635e+03
1.073451905764070716e+03
5.091605373190491264e+03
1.709449948484470951e+03
6.771520327157040811e+03
2.608629610207248788e+03
8.588188841378481584e+02
8.591435019096721589e+03
3.894219259578190304e+03
6.674285534369085326e+03
7.966680023974580763e+03
9.821925708347800537e+03
3.675769141886073044e+02
3.947842191389412619e+03
7.476862649750176388e+03
3.243704474759019831e+02
8.122245908749424416e+03
3.834840205315237199e+03
5.830064054887382554e+03
7.171700251584135913e+03
8.107102506089482631e+03
9.997494674864587068e+03
7.114283562684510116e+02
4.403315548414932891e+03
2.648014530018187543e+03
4.252178052731699154e+02
3.696215536360282840e+03
6.032195382206918111e+03
5.479301282649822497e+03
6.023279977876200974e+03
9.373064532538272033e+03
4.157535526200467757e+03
3.369574484367902642e+03
4.098661925513093593e+03
3.471832433593851420e+03
7.624630183011946428e+03
6.660544911489489095e+03
5.163913744239586777e+03
7.023556527844648372e+02
3.379970618859554634e+03
9.227139744156511370e+03
4.529294698658686684e+03
4.961463444586781407e+03
8.245298014457639511e+03
1.947447476077969441e+03
6.075400091349704780e+03
8.409764735249565319e+02
9.482170724273391897e+02
2.235633894919298655e+03
1.109046192424424135e+03
4.280352108981174752e+03
2.344043353555042358e+03
1.213241254136221869e+03
3.041278691835922928e+03
8.289717916222167332e+03
2.317829523988646542e+03
3.327114452046477709e+03
9.230201921846444748e+03
2.033785942814773307e+03
9.457530531556807546e+03
6.852054639884511744e+03
4.871045812530187504e+03
5.675210694690115815e+03
6.139045270287313542e+03
1.671959307954492942e+03
4.355423952900611766e+03
3.608130487256054835e+02
1.598484790586795953e+03
4.477650172412253596e+03
6.790407435564353364e+03
5.072718562359284988e+03
8.322589400164757535e+03
3.842823863690735834e+03
8.726923727815119491e+03
4.122948588517217104e+03
1.939886040518037134e+03
2.812164915538369314e+03
5.674130429936690234e+03
9.582113379462191006e+03
1.813748509238654833e+03
1.826977070437690600e+03
8.469031054311216167e+02
7.877093315450021692e+03
1.566456057448636784e+03
5.135705717100495349e+03
3.727252804720517929e+02
5.027755188752965296e+03
2.705521136234296591e+03
6.840379538925900306e+03
6.351429478250979628e+03
6.216195067417301061e+02
7.837936962895307261e+03
3.524198387911738337e+03
2.856158209594203981e+03
3.129045649808117105e+03
9.899261135233666664e+02
2.101793389241574914e+03
9.216533252201115829e+03
4.674865150476932286e+03
1.358878004208058201e+03
7.564667051139354044e+03
2.277085732787075358e+03
1.378200493671924960e+03
1.953766952038957925e+03
6.736953568683270532e+03
6.080950559958368103e+03
7.975772037803087187e+03
9.906770338698199339e+03
5.745446832034873523e+02
8.326963453696762372e+03
7.948935447367220149e+03
2.422714798422223339e+03
7.725664585623990206e+03
8.414757232894435219e+02
8.416109664275429623e+02
7.514336302473014257e+03
6.610723520379421458e+00
7.199071932609945179e+03
7.937266539837731898e+02
6.834235828761931771e+03
1.598741245691463519e+03
8.416155244623477074e+02
4.014983660264150785e+03
8.180160062673759057e+03
3.482094197924435775e+03
5.427937623967125546e+03
8.684411655598039943e+03
1.309969961640153997e+03
7.910803684690249611e+03
3.729224174666254839e+03
1.625360450118550716e+03
9.601842649678870657e+03
9.774768119640286386e+03
9.840564648949391994e+03
2.031661819922003588e+03
8.951488165284245042e+03
4.222454028486662537e+03
5.100146450584785271e+03
2.293992900436292530e+03
8.188802095676043791e+03
1.251733737494228308e+03
5.663855663160488803e+03
6.116737633001280301e+03
2.893501001994139642e+03
2.207103678297725764e+03
4.554128346741521796e+02
4.808333650096506972e+03
3.223456876408957669e+03
4.993106713181665555e+02
8.495732643222876504e+03
7.369093277682496591e+03
8.438451380931674066e+03
2.982116728489424531e+03
1.575884229802386244e+03
1.859970880428522605e+03
4.355666520624915279e+02
4.147779128545647836e+03
7.681609305224866148e+03
4.508379474893679799e+03
1.264634316465141183e+03
1.778116512127074202e+03
7.114025324681980237e+03
3.756677560519194230e+03
1.724285400814092327e+03
5.897051762289740509e+03
9.812303645483036235e+03
4.670887945217693414e+03
9.360729372103294736e+03
1.467590697885646875e+02
4.113591545792713760e+02
8.147439314076251321e+03
7.714485201717144264e+03
3.161238723545036009e+03
4.921869611463675938e+03
2.771726053917001991e+03
5.838354157147720798e+03
6.766951107866633720e+03
8.466947050224960549e+03
3.129656338712417437e+03
2.439384356017557366e+03
6.135947176919688900e+03
5.451078163249230784e+03
8.875699330363597710e+02
3.727243742318763907e+03
7.248937214579351348e+03
3.206868327761789715e+03
1.141149914385597640e+03
2.902474645542242797e+03
9.229879319952249716e+03
1.043953800285931948e+03
2.691982869916379059e+03
2.077751503319584572e+03
8.608810088100146913e+02
4.434886693462394760e+03
9.016218745831380147e+03
2.463900845685004697e+03
3.207095077186897015e+03
9.118027607744987108e+03
1.046639338164878382e+03
9.123752370000723886e+02
4.355616044810085441e+03
3.038047601066301468e+03
5.382002661845692273e+03
9.636140648791864805e+03
5.766047661894106568e+03
8.128446218416066586e+03
2.141602085615149463e+03
3.185446429588551382e+03
6.213157532407971303e+03
4.142718268327675105e+03
7.868981347729372828e+02
6.413107210910025969e+03
3.125436487526374094e+03
7.058039055499219785e+02
4.869411682732292320e+03
4.201459452023254926e+03
5.560519076911955381e+03
3.192211564880483820e+03
9.274306978681990586e+03
9.060018712475018674e+02
2.563167843862068821e+03
6.873929014632203689e+03
7.436829184191702552e+03
4.284881260635284889e+03
5.162864984951692350e+03
3.789090589397044823e+03
2.578865612763022455e+03
7.216276729246338618e+03
2.269005758390328083e+03
2.298128777457593969e+03
4.053126827179402767e+02
8.174430055458431525e+03
6.559818274248890702e+03
7.665806165088891930e+02
2.901669340549563913e+03
5.348128912070120350e+03
8.529295075597452524e+03
3.140540027217678016e+03
6.925073353395467166e+03
5.957192394949312074e+03
9.999620221259441678e+03
8.405357687653466201e+03
2.940607711016622488e+03
4.921530014851351552e+03
9.065773646645851841e+03
3.228045512847354985e+03
9.607984802388338721e+03
1.450170662708634609e+03
4.207123975024519495e+03
1.827237834078379990e+02
3.109854043103786353e+03
8.052258782494312754e+02
9.239820573388249613e+03
2.735006733280987191e+03
8.922157720375011195e+03
2.627731031547749353e+03
4.031445502345141904e+03
6.113395357946025797e+03
8.216376322120826444e+03
7.706777848958885443e+03
2.577567287901540112e+03
1.173632190733397238e+03
7.793053031564129469e+02
4.786284650070133466e+03
5.951964890316571655e+03
6.259614348110095307e+03
3.927730648019561158e+03
9.666818082621653957e+03
7.531550248370452891e+02
3.125762762090719207e+03
7.211692820091022440e+03
3.809587388343450129e+03
2.537362122679067397e+03
4.152551905407648519e+03
7.977255860958166522e+03
3.032149075479154732e+01
9.859965852871246170e+03
6.078081098274536998e+03
9.010063197860248465e+02
7.018085788440998840e+03
6.068675673353224738e+03
6.804921936967170950e+03
6.416560979738600508e+03
5.963753487356677397e+03
4.125047667884780822e+03
3.349075459077466348e+03
1.549115893385109757e+03
7.913676374505722379e+03
7.445667425846973856e+03
4.579241177370691730e+03
2.196340179863870617e+03
3.270900674726296984e+03
6.286486682748458179e+02
9.595497603447473011e+03
4.357323909349308451e+03
9.737263637744875950e+02
7.581783189037683769e+03
7.661832896454204274e+03
1.402459844491441572e+03
6.631484757573806746e+03
9.629493014499550554e+03
8.951242408090898607e+03
9.056126125562374000e+03
5.392605212318575468e+03
4.347219799641150530e+03
1.700508351461604434e+03
2.998582244911576140e+02
5.205036887752366965e+03
5.460958830927502277e+03
7.503988442921886417e+03
2.279863504288095100e+03
5.969816926040965882e+03
3.433055582720070106e+03
2.466459169766744708e+03
7.034770510757545708e+03
5.252389750371070477e+03
5.775107203879870212e+03
2.149427868583150484e+03
1.767816172219234659e+03
2.130431246796689720e+03
9.975470992245453090e+03
9.297343749492052666e+03
