6.978154201296955762e+03
2.229294840633955573e+03
6.593311204744525639e+03
7.832279026923529273e+03
6.809902028663210558e+02
8.617032940787486950e+03
7.854356845478889227e+03
6.070502090341861731e+03
5.633730266809868226e+03
3.405468600810527278e+03
8.309440427574854766e+03
3.640617261682828030e+03
8.287234936701537663e+03
1.043339969768098399e+03
1.584035532959962666e+03
1.798899009500854163e+03
9.306056801130243912e+03
6.921034381492975626e+03
2.185344532337768442e+02
9.471907444098807900e+03
2.227011878607635481e+03
1.378386226816083536e+03
1.858040320962676105e+03
3.140226455043713941e+03
6.633967729508579396e+03
3.721849202272295543e+02
8.506893137864843084e+03
5.429034987623953384e+03
9.308307342246172993e+03
3.519829758409468923e+03
3.497759385974296038e+03
2.246072353161007413e+03
1.457350352020351920e+02
3.072461706734606196e+03
1.958155985539262247e+03
5.052016456307280350e+03
7.948874504787156184e+03
7.864170808187382136e+03
2.063507634101734766e+03
6.923741035267621555e+03
2.970025718086729285e+03
8.073226340358389280e+03
8.010868245087775904e+03
5.494636673801169309e+03
9.558553897868328932e+03
9.476010528513575991e+03
9.728931573450843644e+03
6.141175783903093361e+03
9.380557266477898111e+02
9.660295385677261947e+03
1.287757960511124566e+03
3.863579375453719422e+03
1.791956110298648639e+02
7.232476778264519908e+02
2.303309096428274188e+03
6.790081266927179968e+03
6.856177391279953554e+03
8.382861026591010159e+03
1.465222053036233092e+03
3.072375926663113205e+03
7.799510126466719157e+03
5.842332068107692976e+03
3.001971516978892851e+03
8.382373630201807828e+03
5.676274312986937730e+03
4.813205466898049053e+03
6.673262830108645176e+03
4.398122661613056721e+02
5.788123448445566282e+03
6.773087464676657873e+03
4.972507086392352903e+03
3.940414976714655495e+02
9.987110028320665151e+03
7.545216098956565475e+03
4.759596763347137312e+03
3.409296684599479704e+03
7.154885506629595511e+03
4.630242156001071635e+03
3.078905960470489390e+03
6.448081241630366094e+03
1.749082221486610251e+03
3.825529366694304372e+03
8.029944548042873976e+03
1.851564450592492221e+03
2.264875732639073703e+03
8.311279352171031860e+03
7.501560058018727432e+03
2.390447387008285205e+03
3.801289128810919919e+03
6.168904398256076092e+03
8.560974448154274796e+03
8.497642468499232564e+03
5.592286777076184080e+03
4.761444655837892242e+03
5.375524488028849191e+03
3.176559572634274900e+03
8.947181890755333370e+03
5.936373046742830411e+03
5.854661035405347320e+03
2.792041718471310105e+03
9.897603451367584057e+03
5.466114262115853307e+03
7.952105764239592645e+03
5.551812077776277874e+03
6.047294678913809548e+03
3.868451397621537126e+03
7.716357494802994552e+03
4.995578039987061629e+02
2.243895503310990989e+03
2.580815344717238077e+03
4.829355203574034931e+03
9.984367269365866377e+03
9.491805961947240576e+03
2.091868195530418234e+03
8.003799533329504811e+03
2.693029994803889622e+03
6.709497387373002312e+03
9.418521947072998955e+03
4.601129454751910089e+03
3.237714033735476278e+03
6.490639896539025358e+03
6.442074425061197871e+03
9.866955194848153042e+03
3.429736684892511676e+03
1.688094808110101440e+03
8.337695489602579983e+03
8.481920871629142766e+02
2.927880598831582120e+03
1.268307209108085999e+03
4.051384750501096732e+03
6.117685390197449351e+02
3.722102538318931124e+02
8.978938491463868559e+03
4.029805383234116562e+03
6.452195943552965218e+03
4.216715931698656277e+03
5.162398186935421336e+02
9.897304443569488285e+03
5.220093518765943372e+03
5.677395721115609376e+03
5.063580562255287987e+02
9.124652400771334214e+03
3.857819282474893953e+03
5.839956145577904863e+03
5.572800832902245020e+03
9.977482417973382326e+03
1.532785528812003349e+03
7.089640609358096299e+03
5.834399758167941400e+03
8.623867593490511354e+03
1.440375185015175475e+03
5.134133340102164766e+03
1.356459036870290220e+03
4.839842241781180405e+02
8.851751940144309629e+03
1.904821162537998362e+03
5.426324798479551646e+03
6.189222890352007198e+03
4.848617434104939093e+03
8.344841480946384763e+03
5.160112051560805639e+02
8.697616975865295899e+03
1.312092192246279637e+03
2.676756996419061124e+03
7.602835775938836377e+03
8.548055561392464369e+03
5.248987744006776666e+03
7.185506713029198181e+03
6.601850027291901824e+03
5.004345276911445808e+02
6.409124103560434378e+03
3.268372042024331222e+03
9.306633821984885799e+03
4.099260316376324226e+03
7.705735378496990961e+03
4.355286482491015704e+03
8.581333564727188786e+03
3.335103066672270870e+03
2.662380587229770754e+03
4.930398200511481264e+03
5.893017076672089161e+02
5.093445506442344595e+03
3.525430835797618784e+03
1.667455235518704740e+03
6.676752678130202185e+03
9.345333885535879745e+03
1.412243491078875650e+03
1.530659344035389495e+03
4.361137219326873492e+03
6.315917587969147462e+03
7.920025173991379233e+03
7.300771044586074822e+03
7.092865212951230205e+03
8.461950049294038763e+03
8.884441227786845047e+03
8.093637366443230349e+03
2.708641986107379125e+03
5.610180499012110886e+03
6.262749986964528944e+03
2.663862575420007033e+03
5.336255648621778164e+03
2.199444021494760364e+03
8.044433341157300674e+03
4.366216670716707085e+03
3.611213737838307225e+03
9.924661878163677102e+03
2.490362631097426402e+03
6.743219522988931658e+02
4.983335549216627442e+03
7.928556957199278258e+03
9.759262789143473128e+03
8.743258223193584854e+03
7.729883174661268640e+03
5.260943150682840496e+03
9.554704439288576395e+03
3.919433115909869230e+03
2.167356603690741395e+03
1.822947627943940006e+03
5.709608304091487298e+03
6.806124987658844475e+03
7.453118716589565338e+03
6.394994353900694477e+03
7.982697073927502629e+01
7.933634797719198104e+03
3.253628172730635470e+03
7.115201447888320217e+03
7.864463761862417414e+03
8.660248739886790645e+03
3.964712352366414052e+02
1.472865881753335543e+03
9.035921340432440047e+03
7.325890750640602391e+02
2.759970450422682006e+03
4.458918301567326125e+03
1.921660586822979667e+03
3.820582638484836934e+03
2.492970559741773286e+03
9.535955232764436005e+03
7.327745757305147890e+03
4.444630363740416215e+03
2.635888742972212640e+03
1.766295235349877544e+02
2.575222763390755972e+03
4.123363257765297021e+03
5.565043376972002989e+03
4.249851535473827425e+03
4.167341073892769600e+03
6.428517867887322609e+03
2.677320363381937113e+03
9.100957463654009189e+03
7.090796572753944929e+03
5.399130565733856201e+03
6.716367507322576103e+02
1.859226256369265229e+03
2.588701142356235778e+03
3.927058031954061335e+03
8.245727603728540998e+03
5.136692844821218387e+03
9.395624303069767848e+03
2.154095263830858585e+03
5.060195319747444955e+03
2.413843777543508168e+03
9.183834177968996300e+03
8.984820424737457870e+03
5.498301211452638199e+03
8.247689311252168409e+03
9.432281442446797882e+03
3.538116578727565980e+02
9.179866618539110732e+02
4.313129787661523551e+03
2.664411493621593308e+03
9.739086281355363099e+03
1.101686944427019625e+02
1.482686913775648009e+03
1.926049345565267004e+03
6.676123391927313605e+03
1.709265266355939730e+03
5.328780779795513808e+03
5.160460496460700597e+03
4.996581579387045167e+03
6.687617124102309390e+03
5.660471654754226620e+03
1.556019866859753165e+03
7.770504604425119396e+03
6.038553041364725686e+03
2.993891507511368218e+03
1.518927740976839004e+03
5.059716434769724401e+03
3.598311922587192385e+03
4.307188240831051189e+03
2.638456802930406411e+03
1.964986216833000071e+03
9.630680588510836969e+03
8.316798961797214361e+03
6.969925520325498837e+03
9.126281622188647816e+03
2.453600953029840184e+03
1.424937481821117217e+03
1.508101385606926442e+03
2.351346073073439129e+03
1.262721781365018160e+03
6.488782043856814198e+03
9.673312970353876153e+03
3.912515129633963170e+03
9.813716929082673232e+03
8.859374030752247563e+03
6.211874643115277195e+02
1.255226543039294484e+03
5.932545605393945152e+03
6.556949345584193907e+03
9.159894839205292101e+02
2.885439821917477275e+03
6.875623601653098376e+03
1.185902390597221483e+03
5.044999664984537048e+03
9.882853180116368094e+03
7.363573165765017620e+03
9.922750875779642229e+03
3.032017557660928560e+03
6.003595596081314397e+03
8.588299702287285982e+03
1.455666150891027200e+03
1.891750674312455885e+03
5.217742757122391595e+03
7.064986714195520108e+03
7.038051847511167580e+03
7.100640352747810539e+03
1.592205572114984307e+03
1.012694500642055914e+03
9.548335566919799021e+03
2.793050589068905538e+03
5.929425138942842750e+02
3.994848504467856401e+03
4.031411661066188572e+03
1.674180263958109265e+02
1.472268388982661008e+03
6.493910473233018820e+03
7.094786218927597474e+03
7.634238337173560751e+01
7.986422340264541162e+03
1.112031777125670942e+03
2.399080066652617006e+03
1.475834158235082214e+03
7.799989837773047839e+03
8.408538021288726668e+03
9.242500437860744569e+03
4.733278705889291814e+03
3.644782577333359654e+02
9.268764705753159433e+03
3.221398894471481071e+03
1.275010193167481987e+02
5.721973792575994594e+03
9.129996780878855134e+02
5.602024635257375849e+03
7.907376344104435702e+03
9.390611007961782889e+03
7.551183803714212445e+03
5.337771243786222840e+03
5.686718809373005570e+03
9.180022454516294601e+03
8.137728571133928199e+03
5.477382403395512256e+01
4.797667679044519900e+03
7.615845225384275636e+02
7.562920950563589031e+03
9.735868564535659971e+03
1.967102427982849804e+03
7.560550940385435752e+03
1.896988000835159482e+03
3.364488995924831670e+03
8.880754552880764550e+02
4.306150160649988266e+02
8.666871804633214197e+03
6.315962508579629684e+03
5.911350108107421875e+03
3.920337921573840049e+03
1.228983075212468520e+03
6.685348639663324320e+03
3.294726299577619557e+03
6.358200150044115617e+03
7.361166377943900443e+03
9.457923568009833616e+03
3.574321791565907915e+03
8.700642519229324535e+03
4.779876515786249911e+03
8.099558574245411364e+03
8.906252893274277085e+03
2.720851672432567739e+03
5.983812361867439904e+02
2.914582511512622204e+03
1.708618639144977124e+03
4.109354721012444315e+03
2.625714150970891296e+03
9.333135040769719126e+03
3.738051062549021140e+02
5.609676239057725070e+03
4.339275685979734590e+03
9.316497979440628114e+03
4.826298421603498809e+02
7.416763706010269743e+02
7.931039576766376740e+03
4.743999630466147210e+03
7.989230221208106741e+03
5.262259888425551253e+03
3.100260787614047786e+03
3.410232830317449043e+03
4.793380477410944877e+03
4.959795751231937174e+03
4.130522177952218954e+03
8.918507827059425836e+03
8.845724217464026879e+03
4.898193235551255384e+03
6.621383573276310926e+03
5.428592891331000828e+03
3.741609277281152117e+03
3.278150181481310028e+03
6.011477869254205871e+03
4.546358503385000404e+03
6.561832012157111649e+02
9.490597334962410969e+03
5.894995264497933022e+03
3.977880753938615726e+03
7.718370003224388711e+03
2.131538684948959144e+03
2.714513881655665500e+03
1.641616733925648305e+03
9.975152933549601585e+03
5.085685539232271367e+03
9.921231145721758082e+01
9.646524361996902371e+03
2.707486659676762429e+03
6.816795416826177643e+03
4.099384756710186593e+03
1.861724330274484373e+03
4.735335055444532372e+03
2.514250653622863183e+02
9.475171515421661752e+03
2.562693441335356056e+03
4.604736674562801454e+03
7.779772376263592378e+03
9.902769052976706234e+02
8.243986726077637286e+03
6.629034696079295827e+03
8.881103184117768251e+03
5.421333636176703294e+03
2.272623865047139589e+03
6.878431906224070190e+03
9.595440416917042512e+02
3.933898817742817755e+03
1.449940761324699679e+03
3.453118486479035710e+03
4.807503696735881931e+03
1.309644518543415643e+03
4.811509872210373942e+03
1.299719050849107134e+03
5.246710717051122629e+03
1.459472351499010983e+03
2.149234510771560963e+03
5.877066998105385210e+03
3.642980410974744245e+03
7.975618734605419377e+03
5.068002232654946965e+03
3.864986976462681469e+03
9.448776254314900143e+03
3.698511603201211074e+03
8.203579709390131029e+03
7.969442688517569877e+03
3.545617352864238455e+03
7.694788051541703680e+03
1.648262308343487064e+02
1.183353353847642211e+03
1.932880790342150249e+03
9.642863769892093842e+03
3.795739301332273499e+03
7.997682332796893206e+03
1.065786413313313233e+03
6.987771676056394426e+03
4.508745874197119520e+03
1.276819589701704444e+03
8.486511783610401835e+03
2.848118449519879050e+03
4.246715713368719662e+03
5.860982225548284077e+03
5.698554608508597994e+03
8.858549329890134686e+03
1.562302014730328210e+03
7.397707715258378812e+03
1.252306675970806509e+03
3.408820048783710718e+03
1.151190181662303758e+03
9.699963739636761602e+03
9.685135314808283511e+03
9.028667502202191827e+03
2.454373981294438181e+03
4.906436500526732743e+03
4.924547412103326678e+03
7.136697541096388704e+03
3.497242401045575662e+03
1.855618384694018459e+03
8.875481878132230122e+03
5.168865447851085264e+03
4.943996623969257598e+03
3.106982588149635831e+03
9.045455562037126583e+03
5.913017873607713227e+03
7.227588450398784516e+03
4.138227429275698341e+03
5.716247785953572020e+03
7.380730618332740960e+02
2.329196946734486119e+03
8.056479972122606341e+03
7.110226790794791668e+03
9.913573465252076858e+03
2.630109446366119755e+03
2.498728243697075413e+03
2.981446789171337059e+03
6.030372150073725606e+03
3.511478176707394596e+03
6.266509847381993495e+03
7.233245389401820830e+03
1.998140797475424733e+03
9.508737904271976049e+02
8.808880102968450956e+03
5.713362202790810443e+03
8.696929942215090705e+03
4.907536198767429596e+03
6.990616753593391877e+03
9.166751494997917689e+03
7.785861561505526879e+03
1.213720091819548372e+02
1.305918948885700047e+03
1.416825319894379163e+03
9.683960322941957202e+03
3.593265470607499083e+03
2.775991010531076313e+02
3.872704476829139253e+02
4.098339695994091016e+03
7.509390329022220612e+03
1.113440270161783246e+03
3.153651755573351920e+02
4.140004408990245793e+03
8.148143240542053718e+03
8.232900008025986608e+03
4.898406778580048012e+03
8.475618436577475450e+02
3.544818880233762229e+03
3.336551307120766978e+03
9.676673052449068564e+03
3.277004755117476634e+03
2.981483923051653164e+03
5.615394574920868763e+03
3.608917790564649749e+03
7.687259428652452698e+03
6.798571725029731169e+03
8.348830882553262200e+03
4.726218691846647744e+02
2.156604323764627679e+03
2.737419342589329517e+03
8.821798818803438280e+02
4.855454284385315987e+03
1.984668349121699293e+03
5.486013268556346702e+03
3.817985560049741252e+03
7.243768117222128240e+03
8.029232619431178364e+02
3.025302928540225821e+03
7.541134529510775337e+02
1.225527827862235654e+03
8.596077237078277903e+03
6.328302976866123572e+03
3.942285673299258178e+03
4.595437018534231356e+03
3.408268169594747405e+02
4.744293443252196084e+03
1.209079784672629557e+03
3.159200479413696485e+03
6.170778916470642798e+03
6.958112287987746640e+03
7.100322797499923581e+03
4.929498624148277486e+03
3.258118251741074801e+03
1.743950054677426806e+03
1.520805783328350572e+03
4.991784457079817912e+03
2.585372705709277170e+02
2.055933718984750158e+03
1.937132390970328061e+03
6.704904523431329835e+03
7.597496422804527356e+03
2.539889094581209008e+02
5.430195330297022338e+03
5.691194706686242171e+02
5.184671080048470685e+03
1.099838691001028792e+03
6.590536280092233028e+02
9.581714677185125765e+03
9.957142884611803311e+03
5.687332956848394133e+03
5.948687878327630642e+03
8.694181163556071624e+03
7.856592136636974828e+03
7.346478648117228659e+03
5.092823123795841639e+03
1.977296060106545838e+03
4.560800736332114866e+03
8.721253240033762268e+03
4.621115976122181337e+02
8.102250761462184528e+03
8.272202407853643308e+03
9.939995214075028116e+02
1.285803583860712251e+03
6.580141733640825805e+03
7.131802728235006725e+03
6.141874163892414799e+03
1.267302957091472308e+03
7.051250430395071817e+03
6.680677641783316176e+03
2.140426120588156209e+03
9.570781022986511744e+03
9.888384907712903441e+03
7.507189778020357153e+03
9.011158384666792699e+03
1.786434603749301459e+03
8.215791331193511724e+03
5.797705636969146326e+03
2.332167801751553725e+03
3.005233064301822651e+03
6.613722992779175001e+03
2.772854808567568398e+03
4.687908060446181480e+03
8.396245244807314521e+02
2.981853077809995739e+03
4.517839871219519409e+03
2.794530414074433338e+03
7.594304844149348355e+03
8.317937448820975987e+03
6.474991378032868852e+03
6.308998537983236929e+03
6.392860461511501853e+03
2.385166907424138572e+03
7.005338948072772837e+03
1.208286555141751705e+03
2.871902590456911184e+03
2.683482229136047863e+03
1.912404483171149423e+03
7.758736825954738379e+03
9.933897484077497211e+03
9.060157144179836905e+03
5.538989085932943453e+03
7.236977440687222042e+03
8.210480002441119723e+03
6.945178643610236577e+03
2.633116890011725673e+02
1.167828252579061882e+03
1.272694577791945534e+02
3.509794412507482321e+03
5.963643317778007258e+03
4.057357030198888424e+03
3.508369114145071308e+03
1.546458342287024607e+03
2.576500853288043345e+03
2.675686172318438366e+03
8.176856478453503769e+03
2.877318336555543738e+03
3.876071677614830264e+02
5.708212598491979406e+03
2.357911602348096039e+03
1.793936061966986699e+03
7.247098330119672937e+03
2.976385096545484430e+02
9.423259891037760099e+03
2.271556329788721087e+03
6.111263711963691094e+03
9.354738581842160784e+03
2.609651071272487115e+03
8.891245685984391457e+03
2.940971548094797981e+03
9.555824942358236513e+03
2.033166851249580304e+03
8.861726767649030080e+03
1.783731715118879492e+03
9.442458642460227566e+03
2.633259218805335422e+03
9.121842804729794807e+03
4.634778211907676450e+03
1.913930158259881409e+03
3.065551656619799360e+03
2.868268303587205082e+03
5.654797750082725543e+03
2.268305470598025749e+03
1.363934352098180852e+03
5.008560510992811942e+03
8.279923501726918403e+03
1.225471191506457671e+03
1.769297038497084486e+03
9.852444386730156111e+03
1.760964583668007606e+02
4.407203084732318530e+03
8.392697780298118232e+03
4.605505552330532737e+03
5.919790949438572625e+02
3.995028279878168178e+03
3.894006813260558829e+03
5.964242615165643656e+03
2.995433445703783491e+03
2.942664157281814823e+03
5.094636351518412084e+03
7.163917748326435685e+03
9.901784410011478030e+03
8.213589907604502514e+03
4.110416838985656796e+02
7.568012104180684219e+03
8.623467351291479645e+03
9.714905263352779002e+03
3.838538755290069730e+03
4.185894715070624443e+03
4.859328215978785011e+03
4.364710738196967213e+03
3.014909195538560198e+03
8.453721875253299004e+03
1.426996339972288865e+02
8.070394485426770188e+03
2.995987645160303146e+03
2.779728238670465998e+03
9.313892261434330067e+03
7.944267869411187348e+03
5.716837269777521215e+03
3.704663003346777259e+03
4.920832899022170182e+02
8.939705352362585472e+03
6.910720124011230837e+03
5.077695326844424812e+02
2.722345009839281715e+02
6.875623221093639586e+03
7.996662416246957946e+03
4.392300096759069675e+03
7.901512689274151853e+03
5.685812471121709677e+03
3.650968293441705555e+03
2.962341122817372707e+03
3.269932675232230849e+03
9.201671488864511048e+03
6.827047316329188106e+03
4.909265042888247081e+03
2.231348534899858350e+03
7.927375300633789266e+03
5.820083132799011764e+03
5.307859554059084076e+03
3.289136917855823413e+03
7.554710644795985900e+03
3.501556864319776651e+03
2.120714021090807819e+03
3.000042852921749727e+03
1.116398358772799156e+03
1.425383835435007995e+03
2.758206304422858011e+03
2.953896185648373375e+03
6.346577518736228740e+03
5.825715028366373190e+03
3.554551477675155979e+02
4.539131432291204874e+03
6.134588570965107465e+03
2.015231881484527094e+03
8.871444250877614195e+02
2.460988062370671287e+03
5.633101323902468721e+03
3.580154843608911051e+03
4.233948815412640215e+03
2.623054656472439547e+03
6.111094161095091295e+03
4.140282784395238195e+03
3.457555870988876904e+03
8.780600197790166931e+03
2.172077678511006980e+03
4.887178088945321264e+01
3.799726774190689866e+03
8.740559261917311233e+03
3.823685938540925235e+03
4.249940946992113822e+03
3.317500653739369682e+03
2.272760360685725118e+03
5.656752432115168631e+03
6.261624676010523217e+03
3.426879710633189916e+03
4.701843734398379638e+03
6.862695790189500258e+03
8.624599365869869871e+03
9.852975862740460798e+03
6.736778582950388738e+01
7.916685310089163977e+03
6.523345954944588811e+02
5.588602883381520769e+03
5.228888985559185130e+03
4.753302513834415549e+03
3.724538742257978811e+03
6.965210469001103775e+03
8.409979990358224313e+03
5.075217199885581067e+03
5.381341103877251044e+03
8.547700809161295183e+03
9.462572251487659969e+02
7.660791880282413331e+03
4.276512843671475821e+03
5.247048406340834845e+03
5.354080258824154953e+03
1.281135726756494932e+02
4.307080940224145706e+03
7.916617631431200607e+03
5.048298532131932916e+03
7.034512625321332052e+03
9.391829011247578819e+03
8.204304956965481324e+03
5.735025214814054380e+03
2.575353533771356638e+02
8.568180782411496693e+03
2.000155928890022096e+03
9.688192992001078892e+03
6.624730779721928229e+03
2.213090950405476633e+03
7.232351639434104072e+03
6.817522128026982500e+03
5.686347272483822053e+03
6.544564757161219859e+03
4.457737259065112994e+03
6.663489566946627747e+03
1.110810945489929281e+03
2.777678402395884405e+03
4.674251405804523529e+03
4.325943675188627822e+02
6.520380922075484705e+03
9.278000722501668861e+03
2.446210669017248165e+03
9.699079030593741209e+02
4.454465151169009005e+03
4.346484422242746405e+03
8.825472927568456726e+03
7.649918631410357193e+03
2.104129711760404462e+03
3.692129676639644913e+03
4.478595635781258011e+02
7.588126417689138179e+03
6.751416862910678901e+03
5.009669698655668071e+03
3.240338893290615488e+03
1.228023420032400963e+03
3.794698397735568051e+03
2.828348469818060494e+03
5.183517758742881597e+03
8.600508626472976175e+03
7.080839621326796077e+03
2.945656471583618440e+03
7.830506106079442361e+03
4.009805175414342557e+03
7.085965901355422830e+03
2.045597369289987910e+03
7.306590655920751487e+03
3.573365289489458064e+03
3.560286477647211427e+02
4.466835013190013342e+03
7.036760553428864569e+02
6.351126895155064631e+03
8.701907266261045152e+03
3.930557045681493037e+03
6.083353809155520139e+03
6.571074902017383465e+03
7.687070274008471642e+03
4.556848913213259948e+03
4.458186656741037041e+03
3.719479379832509494e+03
7.692569339685251180e+03
4.859077542841037030e+03
7.746530996338815385e+03
7.421438547060663041e+03
7.486841107036276526e+02
2.239318419956674916e+03
5.082665655396998773e+03
5.308768491582998649e+03
1.373563130702035323e+03
9.833175719141135005e+02
5.795014071549054279e+03
8.671386260785515333e+03
5.025566285611862440e+03
5.149923543855782555e+03
8.255853461996541228e+03
4.243509930111063113e+03
6.155803099644262147e+03
8.056253399716437343e+03
7.577358367863302192e+03
7.156970596015959927e+03
7.855168725638507567e+03
2.646299939442341838e+03
7.437440088201173239e+03
3.928804187867775454e+03
4.291515818762535673e+03
2.063281172962740129e+03
5.412940669134118252e+03
3.136207319081695005e+03
5.884501411733135683e+03
5.910846819951640100e+03
7.015030662934200336e+03
8.853058707868856800e+03
2.928261392503140542e+03
7.170040456413344145e+03
1.107176475785964385e+03
1.571202590152307266e+03
8.668389688112860313e+03
8.625429989404763546e+03
6.311424531483954524e+03
6.902804569917165281e+03
9.185448280286875161e+03
2.074112262696826292e+03
6.064540270013953887e+03
4.053504151639515840e+03
1.204863953472924322e+03
6.165490324181492724e+03
3.255606568517571759e+03
9.820415655196868101e+03
4.346269189680236195e+03
6.432473276373606495e+03
8.990322381269408652e+03
8.531178386486288218e+03
8.060743504178145486e+03
8.793801272889590109e+03
5.777434159668797292e+03
1.070851802403762804e+03
5.265198591989184933e+03
1.263737194538428184e+03
5.123284784747786944e+03
3.343155998064718801e+02
3.360447000943079729e+03
8.012510706818008657e+03
4.549948031440167142e+03
8.884895898772712826e+03
1.549847877085728896e+03
4.494062193173677770e+03
4.458291318528574266e+03
5.064119863051225252e+02
1.183280093845537522e+02
6.530327785355206288e+03
2.216653307748088082e+03
6.372284297327426430e+03
8.006076203713457289e+03
2.630161694931153306e+03
1.623412965167502534e+03
8.643878501747589326e+03
3.031078303956157924e+03
6.352123842370610873e+03
1.449785948900859239e+03
9.205395643015053793e+03
1.620685991502559318e+03
6.986471806102355004e+03
8.073573906471079681e+03
3.354962308506278532e+03
3.953906465953980387e+03
9.580123295870031143e+03
7.089435230200563637e+03
5.797628179319440278e+03
8.278666669750800793e+03
9.693829171407462127e+03
3.399690441349227058e+03
3.401789604699383744e+03
8.689587563910781682e+03
4.115387622157400074e+03
4.703350341339903025e+03
4.854666143024425764e+03
4.327471838302471042e+03
5.966543614032972073e+03
5.076564815160437320e+03
8.183824785534447074e+03
7.536606187080649761e+03
1.763529197224182553e+03
4.987464973967767037e+03
7.138713779601198439e+03
5.476420448383038092e+03
5.185174736299982214e+03
7.957158646823719209e+03
8.969872231262212154e+03
6.358110588965565512e+03
6.172393322598198210e+03
4.442896987108203575e+03
8.231573046113969383e+01
3.235574940799308024e+03
1.220863238715418902e+03
2.794433126478887061e+03
8.463764303878664577e+03
6.569757995903548363e+03
4.706453634602983584e+03
7.108072114145733394e+03
3.597987307357325335e+03
8.996377169548561142e+03
7.275306905100452468e+02
5.100263711973393015e+02
7.704080458279063350e+03
9.540544796903150200e+03
5.471659768258929034e+03
3.720416102636970209e+03
6.545591396517614157e+03
5.876453884605874919e+03
2.356246708697722170e+03
3.603227800350308826e+03
6.107803506941791966e+03
2.457602431802053161e+03
3.533235986768082967e+03
2.530644448270017165e+03
9.299457481435041700e+03
8.093011211830127650e+03
7.529720460915232252e+03
9.649538206604627703e+03
7.466382989507594914e+01
3.557431586502686969e+03
3.445456608875555276e+02
5.218532956300306296e+02
9.253478133585220348e+03
6.509271387194687122e+03
6.813422359550335386e+03
3.542891930534860876e+03
6.092750152395958594e+02
9.970553235671857692e+03
1.961405900393287538e+03
4.115888546127604059e+03
1.587612348082425342e+02
6.205208807755311682e+02
6.019579069601122683e+03
9.290418140419120391e+03
