1.941852556635785959e+03
8.871709730920174479e+03
9.080143035964516457e+03
2.110468842417119959e+03
1.574909213949644595e+02
3.053955742812375320e+03
4.795207373897584148e+03
9.487997309174903421e+03
6.887780605284111516e+03
5.173039581936575814e+03
4.714220052859198404e+03
1.621935081464127734e+03
5.251515145602273151e+03
2.732114029803221911e+03
3.250708176373592323e+03
8.584608354940766731e+03
7.611159990722371731e+03
7.692298612751130349e+03
2.305289298295294884e+03
5.078596509326646810e+03
4.200636615502902487e+02
7.173224155461784903e+03
4.457878574514673460e+02
2.376780964429047344e+03
8.068961223712387437e+03
5.691663266480186394e+03
1.247770425446198715e+03
5.286555785772515264e+03
5.395551663601992914e+03
5.649672056460837666e+03
4.085152016541203466e+03
8.963372802110432531e+03
3.124500389754558000e+03
3.113067962135537073e+03
4.792180246928065571e+03
5.504416880631881213e+03
1.064547247690430822e+03
7.489200859292229325e+03
8.872642938448016139e+03
7.489489759974823755e+03
7.553732843636713369e+03
5.435324834896200628e+02
8.670962186483258847e+03
3.686303239573476276e+03
7.662692269036867401e+03
2.491327127428020049e+03
7.698432793942637545e+03
4.334623725694936184e+03
2.242031936596167725e+03
3.828228425628935383e+03
3.708433524839400093e+02
9.347130852544169102e+03
5.992876433618513147e+03
7.424912083744497977e+03
9.081499361742095061e+03
3.955456038845125931e+03
1.595700977592957543e+03
4.718175533525380160e+03
2.632932505577686698e+03
5.335758461131736112e+03
9.111133653413166030e+03
7.560345447623073596e+03
7.042308687484282018e+03
6.376313609631502004e+03
7.585899722934857891e+03
6.966369256297110951e+03
5.214502218935269411e+03
3.789636881781513239e+03
2.939733409954210856e+03
5.630203120887039404e+03
2.790442636128560139e+02
7.456631502650157017e+03
3.028169145753326120e+03
1.234472198108755492e+03
9.368407473684590514e+03
2.243664706422245672e+03
6.967856251018549301e+03
5.847883536071211893e+03
1.237453806030936448e+03
9.016414378798977850e+03
9.206679771987408458e+03
6.284419562072532244e+03
8.941156701290854471e+03
3.488020818821268222e+03
3.680267418670849111e+03
5.920848915229557861e+03
3.174365539567945689e+03
7.965234312284648695e+03
5.952485799664855222e+03
9.065290676390222870e+03
4.368530914385359210e+03
1.305314576832260400e+03
5.505261733202140022e+03
4.267805472401769293e+03
2.935217726407809096e+03
8.669831219372316582e+02
1.715024222548400076e+03
6.018340384866713975e+03
2.137420189076520728e+03
4.158713528517511804e+03
5.454036643955736508e+03
3.898479885242662931e+03
3.322688608674219722e+03
7.924200007538347563e+03
2.668969887765374096e+03
1.277167117058259009e+03
2.353917572341116283e+03
1.579950319720915331e+03
7.947696241607145566e+03
6.529245112382108346e+03
4.654611646561911584e+03
8.626671289397218061e+03
9.103851222687506379e+03
7.377964912505094617e+03
6.918626263343478968e+03
3.033611703771660359e+03
6.541530120022211122e+03
7.627769868202193720e+03
5.681176713972894504e+03
3.176349771057406997e+03
6.383030999143858025e+03
4.742378664787132720e+02
3.838797267788529098e+03
6.226018810671601386e+03
6.646733697936357203e+03
4.774756648882570516e+03
4.241485980491192095e+03
1.431387951728250528e+03
6.992838083090270629e+03
3.202633522481529553e+02
1.337872559735658797e+03
5.901209997204794490e+03
6.423764555412037225e+03
3.590189229612273266e+03
4.638063168334861984e+03
4.325935583389919884e+03
3.295408234521168538e+02
2.341242826458611034e+03
7.405847330545982004e+03
6.102560174561867825e+03
5.607702178819725304e+03
8.311066324313058431e+03
5.560512974340065284e+02
4.504433656455142227e+03
3.164611462401716153e+02
2.128400088951305406e+03
8.224403371411439366e+03
8.322580264883135897e+03
7.452910046573037107e+03
5.531223458388037216e+03
4.744340225684069310e+02
5.868640463923140487e+03
5.512615575878225172e+03
6.464134403474760802e+03
8.332565922870993745e+03
3.750878465619916369e+03
4.167141771679619524e+03
3.209574647068811373e+03
3.011663334185133863e+03
7.523422722370278279e+03
8.228368340208880909e+03
9.142905860901604683e+03
6.842662402781353194e+03
1.731597627241367036e+03
9.372026137245966311e+03
9.317247519356000339e+03
8.112995684879866531e+03
4.027389041476188140e+03
9.163189326737769079e+03
5.502363767895435558e+03
9.810569470076758080e+03
3.987873842585540842e+03
7.113613883491407250e+03
6.502601798977549151e+03
3.666500230996020946e+03
6.057073761544705121e+03
5.211288461269097070e+02
9.220929503693711013e+03
9.630675494136576162e+03
5.396178066594417942e+03
9.211740420977757822e+03
4.127531777639696884e+03
6.003069538314046440e+03
7.658407305274634382e+03
3.036935251652106672e+03
9.325499897870500718e+03
7.901124474157585610e+03
5.603599229363057930e+03
9.956449552219845600e+02
7.985821150674126329e+03
6.863368059832934705e+03
3.988546306382855164e+03
1.636414044152819542e+03
1.963676921321155532e+03
3.718809152241491120e+03
1.021652354586160868e+03
2.120110745522472826e+03
6.222953902346304858e+03
4.055813337408083498e+03
3.547851606323839860e+03
6.941441509117340729e+02
3.030864777678513747e+03
5.713919602488988858e+03
2.064072091083069608e+03
6.448323996634099785e+03
6.929079416398183639e+03
2.700552620028458477e+03
8.823359916556196367e+02
6.202460502084331893e+03
2.249733322719625903e+03
6.688757992783500413e+03
8.376156210957515214e+03
4.252744444620020658e+03
1.267080989649937692e+03
5.087985304769232243e+03
5.620333773600636050e+03
4.013913212921227114e+03
4.102994732631392253e+03
9.665632692135819525e+03
1.079088624125927026e+03
7.906280000998411197e+03
9.772206723438232530e+02
4.881402524315161827e+03
4.575044347795721478e+03
3.211064094002060756e+03
4.364647389538050447e+03
7.463803534657463388e+03
5.452412626719154105e+03
4.926669109774372373e+03
6.249790353834097914e+03
6.052072633154299183e+03
7.816558694787829154e+03
9.980253535758800354e+03
5.552973243200702200e+03
4.361542078138020770e+03
4.864276768639599140e+03
3.430241328907792195e+03
5.574611902726860535e+03
7.455583055324112138e+03
3.051001018256358293e+03
9.983472941295127384e+03
3.614575068061963066e+03
5.095187983243775307e+03
7.345761876518869940e+03
5.870185151711830258e+03
4.945767424272933567e+03
3.099100214118550866e+03
4.690803560129747893e+03
7.728944554851323119e+03
8.503503997534580776e+03
8.540851666363198092e+03
5.828501597957067133e+03
6.764056349337341999e+03
3.054519336851708886e+03
3.024937954528427326e+03
3.798974116471256821e+03
8.329742313593311337e+03
3.896489898553532839e+03
7.707862429439381231e+03
2.006484484230135195e+03
2.135020010473607272e+03
4.889924408545846745e+03
2.748100586350208687e+03
2.821944316959553362e+03
2.667428073293596754e+03
9.812827068091593219e+02
5.282350346190813980e+03
1.326653577644866004e+02
2.890804482311834818e+03
6.903120748520760571e+03
9.816605570793068182e+03
1.374017335374328241e+03
1.364696126359601976e+03
8.561527901228797418e+03
4.175636039022931982e+03
7.419934287986838171e+03
1.406120093406924070e+03
5.817256745726362169e+03
5.193839619244432470e+03
8.655652097997932287e+03
9.366378176815489496e+03
8.185343838126736955e+03
2.582250552558585355e+02
7.605265763442663228e+03
3.105000918822916447e+03
3.008204321028347749e+03
8.656697070262198395e+03
9.795946561781776836e+03
7.535931976754787684e+03
4.568781982176624297e+03
7.168251353673878157e+02
4.753419761906266103e+03
4.308224694535366325e+03
2.889141002803330139e+03
7.370807522010964021e+03
4.196193688927946823e+03
2.506186875460477097e+02
9.264481235275403378e+03
3.037124038266765638e+03
9.512111441116325295e+03
9.606096488232338743e+03
4.351462077715222222e+03
5.729261324751553730e+03
3.724886825640479401e+03
3.599215796296960889e+03
7.348117845209256302e+03
6.302735925526306346e+03
7.644994843847073753e+03
4.696789606838968211e+03
8.042368783002947566e+03
4.116158675875411063e+03
7.132551550710693846e+03
5.288220744283627937e+03
1.815624420766137746e+03
4.347877546387024267e+03
2.249603960617458597e+03
7.054752072141745884e+03
9.572440684715080351e+03
4.072454509229297400e+03
8.714647575594335649e+03
6.478995810595857620e+03
5.019455951872811056e+03
3.212296635975363188e+03
2.192897577293847007e+03
8.039752822577818733e+03
2.811107682326021859e+03
8.789210034666131833e+03
8.957101333293541757e+03
7.513636436487792707e+03
4.188311587810150741e+03
5.971114599588358942e+03
6.106494753224319538e+03
2.590894171436785200e+03
2.193925044996204178e+03
7.196958692286394580e+03
7.163956613519246275e+03
1.696854037668306091e+03
2.629319959461645794e+03
9.902624572285996692e+03
2.738125289100248665e+03
8.701456379153216403e+03
3.553542089277859759e+03
2.939313554819724686e+03
8.303590286291853772e+03
5.991111484801955157e+03
9.037404748503013252e+03
8.808222000813710110e+03
9.474548870852036998e+03
4.663327405069975612e+03
9.434171992250254334e+03
6.127232753996982865e+03
9.647952976291933282e+02
2.875595457472194539e+03
7.255411162897648865e+03
8.694422845828528807e+03
9.838563849753640170e+03
7.516587798992612989e+03
7.068047592195699508e+03
3.739192088562921526e+03
9.347787168543245571e+03
7.703520822635437980e+03
3.817563606586194055e+03
7.910043500031865733e+03
6.043524288277141750e+03
3.967625442218608896e+03
3.146262580304814037e+03
1.246125921589647078e+03
3.081047821619400111e+03
4.265344523157245021e+03
5.524704261703463999e+03
4.481612280378437390e+03
8.844440283790541798e+03
4.559667359799400401e+03
9.571871395103364193e+03
1.012379896746132204e+03
3.668016563982754178e+03
7.568861079223281195e+03
4.672495643722444584e+03
7.255066154492828900e+03
1.689697598735370320e+03
9.406100002218394366e+03
8.844870097217575449e+02
7.802146400175145573e+03
5.477190058271538874e+03
9.382967739523832279e+03
2.724893761588160146e+02
6.121161334112337499e+03
2.716499955048265292e+03
8.294430464909886723e+03
5.520791748031059797e+03
8.133280748937801945e+03
5.410675600614235918e+03
7.947391890197686735e+02
6.630779496791879865e+03
1.897790433779040541e+03
4.908798387813802947e+03
4.910554651199278851e+03
5.064407606170441795e+03
6.219367415829181482e+03
4.050853906496254240e+03
3.376100417769311662e+03
2.956356306301516952e+02
3.767644868243510246e+03
8.301933641247993364e+03
2.688981836591611682e+03
7.092905206670220650e+03
5.996914747366899974e+03
4.856735461411687538e+03
9.868633713982586642e+02
2.072473910789502042e+03
7.876735241441913786e+03
7.331037763239086416e+03
6.202001241169579771e+03
3.427128051815609979e+03
3.708795286201557246e+03
6.378567519444586651e+03
4.777744419140851278e+03
4.257355908111524514e+03
6.494457047821534616e+03
3.100826980888121398e+03
2.403928068351873662e+03
5.209729057041054148e+02
2.680652166677647983e+03
8.406105259517922605e+03
3.882287846921420169e+03
9.470156667911920522e+03
5.649998340916215966e+03
5.886883532438966540e+03
2.408691249831942514e+03
2.898504821558567528e+02
1.510712750784456603e+03
9.903823267765958008e+03
1.818553834208697026e+03
4.267162603741755333e+02
5.583395183236514640e+03
9.429810617389053732e+03
2.631107691856386737e+02
7.153104139396434221e+03
5.329690754161966652e+03
4.907236227131509622e+03
9.133325955718870546e+02
9.864358087749478727e+03
8.260523039568377499e+03
4.386187593730825938e+03
5.862893591921534608e+03
3.320500665488940285e+03
5.480831806933149437e+02
2.950580532936741065e+02
8.601386348145882948e+03
6.641266371085496758e+03
9.911668457299281727e+03
3.927508989592344733e+03
6.177692002175194830e+03
9.989528519725708975e+03
6.400168539582958147e+03
5.176569009169174933e+03
1.654660837080536169e+02
5.966272231778783862e+03
6.959983967801760627e+03
4.239169885997037454e+03
5.137441787121923880e+03
6.234414384519641317e+03
9.363975706659122807e+03
6.764942893206402005e+03
2.794703809327194904e+03
5.641356317494279438e+01
3.671556184361821579e+03
8.291911819435303187e+03
1.259332966000145234e+03
8.174105614698260979e+03
1.431258848695243387e+03
6.342718839233636572e+03
6.160734315519791835e+02
7.903041509412328196e+03
3.895437753904699093e+03
4.465168342680028218e+03
7.192231033324402233e+03
8.378123746490386111e+03
6.613914546477220938e+03
3.790103143182808708e+03
5.763862300913798435e+02
2.492716540822739262e+03
5.109791637380715656e+03
3.118868787096913366e+03
7.290794129931380667e+03
1.050868339916040384e+01
2.487862114049044521e+03
5.284064856653208153e+03
2.181891258520096017e+03
4.572800125275626669e+03
3.792902298829226311e+03
8.524845103594663669e+03
2.626230450430743076e+03
3.899226750741499472e+03
1.314400015276929253e+03
3.334605523530725350e+03
8.334189348248175520e+03
2.595933377198062431e+02
3.472461238493736801e+03
4.835478226289001213e+03
3.721831532298258480e+03
4.551935369426496436e+03
5.568356569416458115e+03
4.914400070244359085e+03
8.505625754670546712e+02
7.526452006970752336e+03
8.034022747531711502e+03
3.223761543493948011e+03
1.484042787176952515e+03
4.256542065829155035e+03
8.139064912131148958e+03
6.450734190249330823e+03
9.037028330208791886e+03
2.467645421566298864e+03
8.225803811621966815e+03
4.177492967534790296e+03
5.405219606020790707e+03
8.137529446397091306e+03
1.558639996321169519e+03
6.672829750783081181e+03
5.628890478865943805e+03
6.355306701177841205e+03
6.687380073392134364e+03
8.324591170909601715e+03
4.251222619314345138e+03
8.034500003195657882e+03
1.186603751773554905e+03
8.245745830389636467e+03
2.838296123301156058e+03
3.475731465004563688e+03
8.065955136429010963e+03
8.382360000431641311e+03
4.510637461538764001e+03
1.228149638780231044e+03
8.428884326655639597e+03
8.703284610343427630e+03
5.671508258407209269e+02
6.336017656174263948e+02
4.238886704675636793e+03
4.610636185531606316e+03
6.925549472068350042e+03
6.927315498920552272e+03
6.795182943640356825e+03
4.882917277818868911e+02
4.854738072569211909e+03
8.574899898329500502e+03
7.707959633036580271e+03
8.457488958093763358e+03
6.400677697039685881e+03
4.465851881320417306e+03
8.230694235567838405e+03
3.775983167194543057e+03
6.538139290530010840e+03
3.846061590190465154e+02
1.537117641587585013e+03
4.435578026594960647e+03
4.503659688582857598e+03
3.250565981376225409e+03
3.590685008808683051e+03
2.840241315630858480e+03
3.171881858540154099e+03
6.243380056020599113e+03
6.931380744774090090e+03
3.050844004215334166e+02
3.938949224139749276e+03
5.384611145151518940e+03
1.972841696325918292e+03
1.135351503993429560e+03
5.884649122368273311e+03
4.644605248839924570e+03
3.310868922117804232e+03
5.219105270725371156e+03
4.412826771561761234e+03
6.727511313280983813e+03
5.400664579441694286e+02
1.982452307806697149e+02
1.261835000019188101e+03
1.185718211653684648e+03
1.673573746395659100e+03
2.976281693284972334e+03
6.767080355680128378e+03
6.243611559602725720e+03
1.072743697266207164e+03
1.306765536543606231e+03
7.883064001262478996e+03
4.594592171536281057e+03
8.698201249342348092e+03
5.865671136546527123e+03
6.912771584871487903e+03
1.998529486232065210e+03
1.533755493257627450e+03
5.752592862646459253e+03
3.143984178578061346e+03
3.110501440069914679e+03
5.283182896577203792e+03
5.425737140164966149e+03
8.871543688374915291e+03
6.770095434192262474e+03
7.085156425247535481e+03
9.781877355204951527e+03
6.588704303599005470e+03
2.517877126761456111e+03
7.748441369281266816e+03
1.220305431449027310e+03
3.998042268680692814e+03
2.083173547387734288e+03
1.807931281240555336e+03
7.069842797004535896e+03
2.759114126359233978e+03
7.130488426116503433e+03
7.417119755181662185e+03
3.594686893041906387e+03
1.792817077995185855e+03
2.399996081936462815e+03
1.449816275691004421e+03
1.485663963928398744e+03
1.485957663416234311e+02
9.105780678004452056e+03
7.581827579615071954e+03
4.297077466854901104e+03
6.929729551886174704e+03
5.240550034054210755e+02
4.274418867087053513e+03
7.922490779567836398e+03
6.414645955612826583e+03
3.257377781658493859e+03
1.981807538822580682e+03
6.975064745689417578e+03
9.881266074776962341e+03
9.736799742396397050e+03
1.556042986354062805e+02
2.971982320035079738e+03
4.724632536096112744e+03
7.290002694311558116e+03
1.208073971776177814e+03
4.385827365847898363e+03
7.623918057674105512e+03
4.928255080999197162e+03
9.279306382482051049e+03
1.042147224882754927e+03
8.545438235390294722e+03
6.175516917391566494e+03
7.785312326304757335e+03
4.274823643373147206e+03
4.318480379251319391e+03
9.094255960291753581e+03
6.986145205050538607e+03
4.476911446801600505e+02
3.631366281672834248e+03
8.792437358161063457e+03
4.500439958524826579e+03
6.361067394425716884e+03
7.647274450178498228e+03
1.002177081822422110e+03
3.574149916663465774e+03
5.344494587307862275e+03
2.284745020862165802e+03
1.943280630477007207e+03
9.543587845572157676e+03
9.957534456911498637e+03
2.164284800191459908e+03
6.353240703028114694e+03
7.881427231733617191e+03
9.122325025963093140e+03
9.021603534036976271e+03
6.618278465413266531e+03
4.509775528619133183e+03
8.447606342879736985e+03
8.652196769951540773e+03
1.573647504291852556e+03
8.677037395839897727e+02
2.856685538921533407e+03
6.092007883290964855e+03
9.047186269567289855e+03
3.009863542479069665e+01
3.124927658904156033e+03
4.548312420515522717e+03
1.022106147407665730e+03
3.464886250497445872e+03
6.747801275119059028e+03
2.276813241730811114e+03
4.516476467432651134e+02
3.040723980936201656e+02
9.537557321136935570e+03
5.551677184266046424e+03
4.702940883138779100e+03
2.521959903589981423e+03
9.380331299486093485e+03
5.683544163700662466e+03
1.413917823113527902e+03
7.794666245623946452e+03
5.999325673970629396e+03
9.011112864393295240e+03
2.480466346473620888e+03
9.292720904145047825e+03
9.141011035587978768e+03
9.813725653487548698e+03
3.714053930689753997e+03
2.454697793608163011e+03
5.446053170995445726e+03
2.665177578652069769e+03
4.937136475922059617e+03
8.416894406893714404e+03
5.132320844925232450e+03
8.083997338487185516e+03
1.237571309080301916e+02
1.266289910875492524e+03
5.605093618707232054e+03
4.797014098755271903e+02
9.149194281009235056e+03
7.755026789241947881e+03
5.644053574120125631e+02
9.871730182442972364e+03
1.863680673569200508e+03
7.053897510784429869e+03
4.042435422290403494e+03
8.110682994672015411e+03
7.267426171130843613e+03
3.050491828173373960e+03
5.498471414881724741e+03
4.583060430716484916e+03
7.719729377183899487e+03
2.164773029415108340e+03
1.134746701403751331e+03
8.325646149711861653e+03
7.626797989775035603e+03
1.056740814611309361e+03
2.583748877810979138e+03
1.415785528650386595e+02
6.572509692974014797e+03
8.369748747008125065e+03
6.324189078810408319e+03
5.640019003838432582e+03
7.426414908005265715e+03
5.221128612654558310e+03
8.127439810450430741e+03
1.724771016064091555e+03
8.214180071946539101e+03
6.320653187621351208e+02
9.709725684039485714e+03
6.213729087591741518e+03
6.312086104036283359e+03
4.176504483446517952e+03
1.504049719046515747e+03
1.514173438428136024e+03
8.555243652952756747e+03
3.810291344758402374e+02
9.715919885420715218e+03
8.309220797126930847e+03
2.986237404797876479e+03
2.879594554908236660e+03
4.983222016627841185e+03
5.936557109412036880e+03
2.261765797519405169e+03
1.740641655764434290e+03
7.564314172007118032e+03
2.150332847996360215e+03
1.991032601813678866e+03
8.284202786553416900e+02
1.753764723797955639e+03
8.839536078259065107e+03
9.617626587804272276e+03
4.968319253732281140e+03
8.345333735327705654e+03
5.445613834573337044e+02
5.138042439790037861e+02
5.151043816782890644e+03
9.665392994149322476e+03
3.568079057172422381e+03
7.104871803347292371e+03
3.041959382425855893e+03
3.110136637357408290e+03
6.867010598031036352e+03
5.903192574780572613e+03
4.806711594678880829e+03
5.324627622114534461e+03
6.733898959506715073e+03
1.193267249427761271e+03
8.473772124307888589e+03
8.977061389876776957e+03
9.538251633408668567e+03
4.486020392093186274e+03
8.007452787983212147e+03
1.462193243706018848e+03
6.742926096129735924e+03
3.785894623969015811e+03
1.323990766092178092e+03
7.466100486791131516e+03
6.231667682788121056e+03
4.712332735380819940e+03
3.589996513291755036e+03
5.000796647515303448e+03
7.356946930031996089e+03
3.223709106601280837e+03
3.760641959228427368e+03
1.441006932063947943e+03
6.211683791549819034e+03
1.443858045307854809e+03
9.529697705686206973e+03
3.777701892462952401e+03
8.345426319337902896e+02
5.124580790197952410e+03
9.310292578859432979e+03
8.754216454764315131e+03
8.212783213208811503e+03
6.896835107320629504e+03
5.968934100959250827e+03
6.225516696257492185e+03
8.551154263253423778e+03
2.393131879552186547e+03
5.956331109958156958e+03
6.047014332246390040e+03
9.747540181281530749e+03
3.445883178470556686e+03
7.847523266799915291e+03
5.905734244317035518e+03
9.470776190512637186e+03
9.986636604118348259e+03
9.385640970703843777e+03
1.495514505614997915e+03
8.504565044476077674e+03
1.350766100517286077e+03
6.113338305555722627e+02
7.712863093821972143e+03
5.587105353114912759e+03
3.149922265350828638e+03
3.553006596450630241e+03
8.524766144091765455e+03
8.404681787850484397e+03
3.448907774226938727e+03
6.020628736742678484e+03
4.909614840372115395e+03
1.483657295839384005e+03
3.074779402624667910e+03
6.361560087577096056e+03
3.907109458884085143e+03
5.411400740137799403e+03
1.065172990744341632e+03
9.922629641176205041e+03
7.052655272363903350e+03
3.505942363489420586e+03
5.955300775419284037e+03
9.586129107817900149e+03
3.691729239878015505e+03
4.108817816236690419e+02
8.312948838834663547e+03
1.331704878114710027e+03
4.010296310762817939e+03
7.695594676768040699e+03
5.837306906535886810e+03
7.137138486370030478e+03
7.254403772711644706e+03
2.758215195196272361e+03
4.485516429259303550e+03
8.278070545141088587e+03
3.448693569559130538e+03
4.603761102610961871e+02
4.798090886567207235e+03
8.773837332399999696e+02
9.387767910816457515e+03
3.621622167498127965e+03
3.336844816421541509e+03
3.849353550195132811e+03
7.133530621633537521e+03
4.899641824678722514e+03
9.810941576109973539e+03
7.298015587684760249e+03
1.450900197126694366e+03
2.591973749391971978e+03
5.115180936275881322e+03
7.129627074715284834e+03
8.537220918617425923e+03
9.160957925258257092e+03
8.662428032006917419e+03
8.439929277575913147e+03
3.025318643721474928e+03
2.365503713226297805e+03
6.159854973679693103e+03
9.514130494871866176e+03
3.109237115849694419e+03
9.348910801346357403e+03
4.721635173093355888e+02
4.464832960053689021e+03
1.633616652300181840e+03
2.569360575648014674e+03
7.664230128197626073e+03
8.638883731875534068e+03
3.127168181568515138e+03
8.738057943127145336e+03
3.343389970047644510e+03
1.551396020030699674e+03
7.325424458443284493e+03
3.612645518686090327e+03
9.006814745556268463e+03
8.209406332263841250e+03
4.384229263190634811e+03
4.413529823230947500e+02
5.566066070799183763e+03
5.872515692400639637e+03
7.901705295216219383e+03
2.235578116569937492e+02
4.176377733354152952e+03
9.760323854865551766e+03
2.772159968533720075e+03
5.116100444610774503e+03
1.608774314234462963e+03
6.470921479344767704e+02
7.428921508342812558e+03
9.531310392188760261e+02
2.714433170919650706e+02
7.354718100391467487e+03
4.616599905382488942e+03
2.453650481093573887e+02
6.548814917277955828e+03
2.403951844581035402e+03
7.589296407055801865e+03
9.488274492435335560e+03
2.577719465796863005e+03
5.586737977613342082e+03
5.059448005472149816e+03
7.600793857100630703e+03
7.078330324921050760e+02
4.765286699607023365e+03
1.424345935930462247e+03
1.893064794827309697e+03
9.567433081597700948e+03
2.935792817637113330e+03
9.559361730268365136e+03
7.381572239598970555e+03
5.891517558745417773e+03
8.934832484577380455e+03
1.804809126592618668e+03
1.742197511220233082e+03
6.897283865417335619e+03
2.438097330569486530e+03
2.129158781095291033e+03
3.020224399007309785e+03
2.186130695122828342e+02
5.423003800024822340e+03
8.071835057551111277e+03
3.743166967301561726e+03
3.210327787021021777e+03
7.791836215972654827e+03
2.836563179232328366e+03
2.021968277234327388e+03
4.489544795638590585e+03
6.104211714795135777e+03
1.596780211525626328e+03
1.642592262946835490e+03
1.712016934975636104e+03
3.652518890041879331e+03
6.777310751101716050e+03
1.667220939653358158e+01
5.587221003334188936e+03
7.378440883312769984e+03
6.221222485844416951e+03
2.049790689830568226e+03
4.072869938102752712e+03
9.948156416673222338e+03
9.551645174114444671e+03
3.578792481113764097e+03
9.031003138479860354e+03
7.483877663516526809e+03
1.951845541267358612e+03
9.832606019739958356e+03
9.885842463607132231e+03
9.207564866822438489e+03
8.832425366566247249e+03
9.861133332828789207e+03
1.605628229406990158e+03
5.545937244732953332e+03
8.084921975041189398e+03
6.504772477156675450e+03
6.379428844100997594e+03
1.015800006008706646e+03
4.204754938715527715e+03
1.954207729472023857e+03
4.025389878397213579e+03
6.417908253427800446e+03
8.797447398598947984e+03
7.629221222017090440e+03
1.011643374458616336e+03
1.060775384093610000e+03
9.016783796488889493e+02
3.312516293162066177e+03
9.547093239473409994e+03
2.670156164907914899e+03
1.598043422610394373e+03
5.465296826424649225e+03
5.652366858918006074e+03
2.260044507971663279e+03
4.130080853651216785e+03
6.817757528463197559e+03
2.796062460709740662e+03
2.786913125284405396e+03
9.180216203646255053e+02
1.902795832237555942e+03
8.749314671826370613e+03
4.925612764660688299e+03
5.440276213011009531e+03
8.365553065296006025e+03
5.865072341070103903e+02
4.188746066898605022e+03
3.460858577431849426e+03
4.297841065301758135e+03
6.089415024260906648e+03
7.716589956885878564e+03
8.807018309745555598e+03
1.436010841509859347e+03
3.125638046293104253e+03
6.141804060065544945e+03
6.945992147652873427e+03
7.808035595806948550e+03
9.587833633464844752e+03
2.054019761070845107e+03
8.421622054693440077e+03
8.210968313397695965e+03
5.733129485280475819e+03
2.786934547216908868e+03
6.406577480906669734e+03
4.311484521231370309e+03
3.917427616868920722e+03
5.390429135881789080e+03
7.961430965310936699e+03
