1.310178447883009767e+02
5.506424105500114820e+03
9.765557867271250871e+03
7.427288079338599346e+03
6.962617416114500884e+03
7.070234925562074750e+03
8.806663260281779003e+03
2.329805045814347523e+03
2.991536662782431904e+03
2.488235876607507635e+03
2.207236496860625721e+02
8.129954812146971562e+03
3.322299874077732056e+03
7.542687304630471772e+03
5.797060680194977067e+03
1.149984596757190502e+03
5.463385768240531434e+03
9.986160562394986755e+02
9.094541464448384431e+03
9.123655957402081185e+03
4.616466841593418394e+03
3.557482271103442599e+03
6.342178306427496864e+03
3.961328058039139250e+03
5.075117484381312352e+03
8.025838480362910559e+03
4.970276638739496207e+02
4.963462872831452842e+03
3.220557487129646688e+03
5.722471731513789564e+03
5.612526387333064122e+03
1.755634687853397281e+03
2.771948712788602734e+03
4.824151907907194982e+03
3.620453403618002994e+03
5.736346996275469792e+03
7.922738415500761221e+03
1.522260983834437411e+03
8.844686957536927366e+03
5.196072828809263228e+03
2.170117561013800241e+03
2.720275118290098362e+03
2.560318428160315989e+02
9.215056055541403111e+03
9.832369404823073637e+03
2.965547662339213275e+03
2.811564986646403668e+03
9.951586325928536098e+03
2.845657309281280959e+03
1.604697076162285839e+03
5.351160063706977780e+03
2.171405450568958713e+03
6.794373409295619240e+03
7.065535472380837746e+03
7.324786316252518645e+02
7.207861895690431083e+03
5.552041424074039242e+03
9.607189473085078134e+03
8.323538797475468527e+03
2.920950820270008080e+03
7.846690108709960441e+03
1.456726726906915019e+03
7.600417349722987638e+03
7.500980419208264721e+03
1.966004348418818154e+03
5.028770615117972739e+03
8.503026980626558725e+03
3.992188106525057719e+03
5.270348434164939135e+03
4.024713212894184380e+03
1.112655363534887556e+03
3.440869340230389753e+03
4.634715520248546454e+03
3.809070511512777557e+03
1.588718912869143651e+03
9.473223952753283811e+03
5.854534967159112966e+03
2.360237830579636920e+03
3.806161145760370800e+03
8.169108516435437195e+03
5.827890206291425784e+03
2.039120261778273516e+03
8.948065689038216078e+03
3.914443063198519667e+03
3.106272289613670637e+03
6.153475361441959649e+03
3.424741539615936745e+03
4.266766923221751313e+03
1.035520566106293700e+03
7.665740123929277615e+03
2.905731023649933377e+03
9.093868515211359409e+03
3.054589922110277257e+03
9.732425807493829780e+03
4.370195965907465506e+03
1.355089603952471293e+02
1.868554310788807697e+03
4.345929671930610994e+02
5.803774719174172787e+03
3.579702419220514003e+02
7.059761477815585749e+03
5.171671172724754797e+03
8.940321126764931250e+03
3.979872281657549138e+03
8.116179094154007601e+01
6.536082830807972641e+03
4.574812310189485288e+03
6.862221752377476150e+03
1.537222564430333932e+03
3.254390618361102497e+03
3.793160098521651435e+03
4.989969087310962095e+03
4.841533070201748501e+02
5.738092124807103573e+03
5.439141089199416456e+03
7.194906309571331803e+03
3.754306171675527821e+03
4.909158643693194790e+03
7.269106468372334348e+03
8.357662769283551825e+03
9.661957604760289541e+03
1.206904529533198684e+03
6.399094254540661950e+02
2.244915993881187205e+03
8.966478322284159731e+03
2.844428839197742676e+01
7.483218042723559847e+03
9.832562743596105065e+03
6.318595601361713307e+03
5.575696126692144389e+03
4.605334474956976010e+03
6.197710773800733477e+03
2.279529593243195450e+03
7.392221222649458468e+03
3.212331208455240358e+03
5.281686672542826955e+02
1.017756892329458367e+02
1.579151294817978396e+03
3.424297545317429467e+03
4.260262108107850509e+03
6.310057582701911087e+03
2.714560701950019393e+03
7.569151864348712479e+03
5.593838452552481613e+03
2.782737585725526969e+03
3.779341562174783121e+03
7.844813993290277722e+03
6.874616807168532432e+03
8.382805527290925966e+03
1.116480310749501541e+03
3.689291317364705947e+02
6.747771558327787716e+03
8.677729702093914966e+03
4.335973591555577514e+03
6.953329560839729311e+03
2.685427841324115889e+03
7.355478865066367689e+03
2.321613786138704540e+02
2.454157155199815406e+03
4.444351751084912394e+03
8.594831455859337439e+03
8.896022273872875303e+03
6.837718045278734280e+03
1.075463326789578332e+03
5.275225329933777175e+03
8.590392602791624086e+03
3.439499015797485299e+03
8.602160785145137197e+03
9.911587197466926227e+03
6.622779479440938303e+03
6.885740206527803821e+03
8.161896502743215024e+03
3.451805348854603835e+03
9.845060911141201359e+03
6.342741265164266224e+03
5.894756531499552921e+02
1.728104746790092577e+03
7.701997266634721200e+03
8.493569373098760479e+03
8.652110126291148845e+03
5.269888132304781720e+03
6.879524253183198198e+03
4.754882698374309257e+03
4.122787549173038315e+03
2.188875338314427609e+03
8.776403453107373934e+03
5.515975108431481203e+03
4.274555594966263016e+03
3.983916731793084182e+03
4.706893913833239822e+03
2.791207167562317863e+03
2.797732312810179337e+03
4.604116903413645559e+03
5.740043271175225527e+03
5.955040836604583092e+03
2.943170177619180777e+03
4.766253351897205903e+03
1.886789671813630548e+03
6.339550683747672338e+03
1.509847457226187544e+03
9.247707132889916466e+03
1.920603082968241097e+03
7.599192366187181506e+03
3.286485575677386350e+03
2.159131560475362221e+03
2.835526196642180821e+03
7.829231581564189582e+03
3.040258120678045998e+03
2.417341597698694841e+03
4.386382275690217284e+03
4.127065464250455079e+03
3.566823576597213105e+03
1.838967754538475901e+03
2.128648022756628052e+03
1.205956530495921015e+03
2.526812254233060685e+03
4.337680949907352442e+03
8.257661050355993211e+03
1.932219889803822525e+03
8.084713536340382234e+03
9.788525304467446404e+03
1.601340359772497550e+03
2.954585036562241839e+03
6.541238343632800024e+03
5.484437635574378874e+03
9.843490022631947795e+03
4.004721225325027717e+03
6.123522926575503334e+03
7.969343142346217064e+03
3.267874221954235509e+03
7.178077620738799851e+03
2.575015964913673997e+03
8.426814784173562657e+03
1.142387741475215080e+03
6.654652354173337699e+03
3.470092859799365669e+03
6.905981308816467390e+03
6.206050220752405266e+02
4.645843337836716273e+03
6.573886018484227861e+03
9.874628567970647055e+03
7.751221366465360916e+03
6.002038920160998714e+03
2.664968636113091634e+03
6.521140170983727330e+03
7.215127418932573164e+03
2.135591773358376244e+01
4.735277998704339552e+03
8.487719941097475385e+03
5.073737681009633889e+03
7.729432713398168744e+03
1.199131748787739014e+02
1.306990568824534421e+03
5.025222652518216819e+03
3.294710300054586696e+03
2.825065791635440746e+03
1.097963797307401137e+02
2.191321554971406840e+03
3.554630765568575043e+03
4.389051780968816274e+03
9.132603712140014977e+03
9.485728660621765812e+03
5.583563026658341187e+03
4.938256099953946432e+03
9.590952827564677818e+02
9.391958663888844967e+03
7.147477257054087204e+03
9.908443015138946066e+03
2.076457709654225710e+03
6.378468030805151102e+03
1.809695204294097266e+03
7.358405093601576482e+03
3.660716596574670803e+03
4.220638340309174964e+03
1.216316807830437710e+03
5.622768375866105544e+02
8.270145180677000099e+03
5.567672313932514953e+03
9.325630720835755710e+03
3.963278642803075400e+03
5.121037298552496395e+03
5.842260447092125105e+03
7.466250359902021955e+03
8.900536105207964283e+03
3.154410671215103434e+02
1.388216023044244366e+03
5.035269530124032826e+03
9.366476361351062224e+03
8.523421510592791037e+02
7.554721937927893123e+03
7.080224806695919142e+03
7.816093631894104874e+03
9.234564482968156881e+03
7.051055954759423003e+03
9.826256203700026163e+03
7.043300363848564302e+03
3.517700840577162580e+03
7.121528414118607486e+01
9.105233731456759415e+03
3.429471087575051570e+03
6.404375023706609682e+03
9.813589871293792385e+03
8.848026239533097396e+03
1.732737725006861410e+03
5.560147344754755068e+03
4.210851424389992644e+03
4.199780879415899108e+03
7.434805121639749814e+03
2.042918521661727709e+03
3.347880041830035680e+03
4.004249812529381870e+03
6.647844480162133550e+03
9.756382189194957391e+03
2.104818441675624854e+03
3.020192224744914256e+03
8.748813973518786952e+03
7.023249881126805121e+03
4.706061542396353616e+03
9.717147579019561817e+03
4.253973587711336222e+03
8.351861494867680449e+03
5.895397009047661413e+03
2.983581962268484403e+03
5.997528801978318370e+03
7.942561585568989358e+03
8.136722930002916655e+03
2.208506840278444542e+03
6.476047490616393588e+03
7.698059197723364377e+02
2.110092690056103038e+03
7.856133589498524998e+03
1.544216705480360815e+03
5.630824402071780241e+03
8.587389940885237593e+03
6.440224099949237825e+03
3.281133039787638154e+03
4.951586283535385519e+03
9.895059184512256252e+03
6.485849795225673915e+03
8.430073506964676199e+03
3.819658096943927035e+02
9.329353006573177481e+03
9.926293915312760873e+03
1.916210455268928399e+03
4.514603970714841125e+03
1.455604826193673716e+03
3.586578729026348356e+03
6.349906728182224469e+03
7.924663398997144213e+03
9.040622113263927531e+03
2.769869638702016346e+02
4.114178977940438926e+03
2.736060454642372406e+03
1.190284672987182603e+03
9.385302390690434549e+03
1.621432476635163084e+03
4.210098387241408091e+03
3.535507681520591632e+03
6.469069188514888083e+03
6.401314348811191849e+03
3.063560179616207279e+03
4.571965219483747205e+03
6.365715417945308218e+03
8.867515057440215969e+03
1.843532721595150406e+03
4.142929479485986121e+03
9.135188341176803078e+03
5.369049583017725126e+03
8.228269326100715261e+03
4.184122640960748868e+03
2.276866419412514915e+03
9.784861531840373573e+03
9.428061347204851700e+03
6.501253305424766040e+03
8.126767685219199848e+03
6.754036719459531923e+02
8.295440402041942889e+02
6.960439830958669518e+03
9.406344292233772649e+03
9.214727835395104194e+03
4.663558791947319150e+03
7.570635609701182148e+03
4.415349254538882633e+03
7.874819115295365918e+03
8.124583781155791257e+03
2.074119824191625867e+03
8.177202817353251703e+03
4.352074053436637769e+03
1.764268839960272317e+03
2.104773188659951302e+03
5.588358766614770502e+03
3.870517496205065981e+03
6.873818008849252692e+03
8.311135623755770212e+03
5.091285623392777779e+03
1.815617808827352519e+03
7.216178946609817103e+03
8.528524142942293111e+03
5.655509190075733386e+03
6.130044785757311729e+03
3.023494524439953693e+03
6.921406834581644944e+03
5.103208939295511470e+01
8.405252175721803724e+03
9.403105571953150502e+03
4.297575821030595762e+03
3.736839906603318013e+03
4.842229944902632269e+03
3.689309830024395978e+03
2.874048375554175436e+03
5.488759880492565571e+03
3.445892803401596211e+03
4.570777731204468182e+03
5.995157932420154793e+03
9.394099456538831873e+03
5.161252607447254377e+03
5.698385831223356945e+03
3.641697946244584273e+03
6.046937394989359746e+03
3.237510495539995645e+03
5.681106415970917851e+02
8.797229916809123097e+03
5.607008899430655219e+03
8.674871630856740012e+03
3.022881034085709416e+03
8.878468282974585236e+03
9.034801807118452416e+03
4.878578812893086251e+03
6.180683106342928113e+03
4.640848007210248397e+03
9.698041154917103995e+03
6.765538040316158913e+03
7.688482603585052857e+03
3.761643501696031308e+03
4.437843867815050544e+03
2.378956288897964441e+03
1.289103761056138865e+03
3.755810365900259967e+03
7.768066920093995577e+03
6.138516870807609848e+03
3.567714508205785023e+03
1.143470351702124617e+03
9.470824606384170693e+03
7.599447244388976287e+03
6.059930086792337534e+02
1.626693099204951068e+03
6.503962875348001944e+03
6.608098539612604327e+03
9.383169504659463200e+03
7.890009493109538198e+03
2.535096787443563244e+03
5.741251645032594752e+03
9.334811332738468991e+03
9.524161623651058107e+03
3.050937474130164446e+03
9.761405835471747196e+03
5.187898782243101778e+03
8.221978161230608748e+03
3.198614081759016699e+03
6.179950997365438525e+03
6.935004946359729729e+03
7.172209427427489572e+03
3.375899700932375708e+03
7.045335943918602425e+03
4.209259578987036548e+03
1.823044447903019318e+03
9.965553403803138281e+03
4.301401679635396249e+02
1.338099112329020500e+03
3.722697104256787952e+03
9.222173879409152505e+03
2.094525760285242086e+03
9.584174385841379262e+01
6.210072023560239359e+03
2.720945634334189435e+03
9.761492267449568317e+03
2.826993897911109343e+03
2.044024426006007161e+03
4.544625907457751964e+03
7.707790640594527758e+03
6.372594236108473069e+02
4.193536974252895561e+03
8.117824971049318265e+03
5.143736187008436900e+03
2.604558849714730059e+03
1.043677083331066569e+03
1.137614947545452651e+03
3.657188703268317568e+03
8.024221515125092083e+03
2.266700170775442530e+03
2.273181543974309989e+03
5.996225425385911876e+03
9.052412100660708347e+02
5.167421042077397942e+03
5.304522647704891824e+03
8.032148230383224472e+03
6.663649487347847753e+02
5.270965659274309473e+03
4.017739294466825868e+03
4.460018814362695593e+03
1.534780485183382268e+02
3.114137588817421602e+03
3.990819721236824535e+03
8.816256663765585472e+03
2.743113520501368384e+03
1.505317105015308243e+03
8.423481916572140108e+03
7.016051784987634164e+03
5.756265332569671955e+03
9.865494791410377729e+03
3.611392438054381728e+03
3.620284447149268772e+02
2.255263318377604719e+03
6.014364983704148472e+03
8.342114702487717295e+03
8.938425186877249871e+03
2.790859682390030230e+03
5.377118252825059244e+03
6.352451522559582372e+03
3.381132700927418682e+03
2.927146069523118513e+03
2.120980116016939974e+03
4.044648585836345774e+03
2.891848557697194792e+03
1.726740738789515945e+03
4.377037708543943154e+03
2.348122490941315391e+03
2.353291877533629304e+02
8.912952387097233441e+03
4.251548921910014542e+03
5.223421986843382911e+03
8.309989181373204701e+03
2.912721950842925708e+03
9.130080493169039983e+03
5.639729555393542796e+03
8.755379324165231083e+03
4.773774341368513888e+03
8.507235182336429716e+03
6.696117852671053697e+03
2.879920359231926795e+03
7.561092629067309645e+03
7.614954760043194256e+03
2.132905474951489396e+03
7.113344366316527157e+03
3.154336297008095244e+03
3.318611125033650296e+03
2.475258764062689352e+03
9.330615191353845148e+03
5.371452939002270796e+03
5.570838359257239972e+03
6.130993605932554601e+03
1.402183936043851645e+03
7.844127065348333190e+02
4.301076080557578280e+03
3.461432822926106383e+03
9.186910123636469507e+03
8.788422510171123577e+03
7.156994639957340951e+03
6.433186902057650514e+02
9.876940991376850434e+03
1.085702046606952763e+03
5.541136612195909038e+03
5.005760826649073351e+03
1.801264956447378722e+02
1.279787308255335603e+02
9.644380772925351266e+03
1.747792753637023907e+03
1.464114305219217613e+03
7.137007188601925009e+03
3.221863897835731336e+02
2.131058535541905258e+03
2.567003361716522249e+03
4.275771229588332972e+03
2.775604720170530072e+03
2.202757145610790758e+03
1.418922367280077879e+03
6.213126537159133477e+03
3.858651004644648765e+03
5.658566164019156531e+03
7.436145227401167176e+03
9.633880208722697716e+03
4.285626384741273796e+03
6.241369179242379687e+03
5.722780658721922009e+03
4.195152985303834612e+03
7.436803051273711390e+03
6.001049053251010264e+03
9.586078635910025696e+03
3.862077101381874513e+02
9.107942490780780645e+03
5.020741819682907590e+03
6.487467406584620221e+03
9.604426692959144930e+03
4.538018439403721459e+03
6.976163377167104954e+03
9.565377731173424763e+03
4.748517684660551822e+03
4.262038399527335969e+03
4.977761598001944549e+03
4.331817417229342936e+03
4.591906761737079250e+03
7.616878271361717452e+03
5.957502560398641435e+03
6.917060821947674413e+03
1.135301450114888212e+03
4.230943076145229497e+03
7.391582655470174359e+03
5.539012047073547365e+03
5.127210767086516171e+03
8.802975093022156216e+03
2.038513494839116220e+03
4.112182857466618771e+03
9.444209590897346061e+03
6.186907817172208297e+02
4.938768275004790667e+03
1.656464737984308840e+03
2.852328382873649389e+03
4.832699163867569041e+02
6.948487875394961520e+03
6.793028859453635050e+03
3.087838316529998338e+03
1.557229457931981869e+03
4.729948795789292490e+03
8.655437546751760237e+03
4.324608932459342213e+03
5.874497902949069612e+02
8.603229202499049279e+03
5.744674846038315081e+03
3.488218373813756898e+03
9.587895847953861448e+03
1.333572468416358333e+03
1.589707437301767186e+03
4.334283122960469882e+03
9.738780856627788580e+02
8.645400476103905021e+03
1.584647186722537072e+03
9.579327669540865827e+03
4.063620379994494215e+03
8.883734077496286773e+03
3.709013691602712697e+03
6.831144574620063395e+03
1.107409432308415944e+03
5.797656069313477929e+03
5.759388002965356463e+03
8.567715257910826040e+03
4.750931232632935462e+03
2.881289710758621368e+03
4.418076791769639385e+03
7.118134468083446336e+03
9.064576845847463119e+03
4.958611258750405796e+03
8.509440154919131601e+03
1.545108572093849034e+03
9.969538905197281565e+03
2.174874650591026239e+03
6.782096376140701068e+03
7.533026754264113151e+03
7.708402095427063614e+03
7.140244103703824294e+03
4.221517684198697680e+03
1.401970974009158226e+03
3.321034100378009043e+03
2.680458221938438328e+03
1.186476180897673203e+03
6.278632759759373130e+02
3.319549867948368046e+03
1.636355249442281661e+02
7.186433044516536484e+01
9.560268028845648587e+03
6.642858942747178844e+03
3.659296570797325330e+03
4.616265671167657274e+03
6.134927932886348572e+03
8.646974713120188198e+02
4.375699519302368572e+03
5.535726007157272761e+03
6.292633468435930126e+02
6.176336449954291311e+03
4.624681501873614252e+03
8.791522310390517305e+03
3.174628672087664654e+03
9.541434913936709563e+03
2.339408468139974389e+02
6.330800944624108524e+03
1.348720344700351006e+03
2.878003392568405161e+03
2.652712079206731687e+03
9.840128063474116061e+03
5.712621731114830254e+03
2.261132366625675331e+03
4.364889912412162630e+03
7.246078597039094348e+03
8.021215381874973900e+03
4.369575184425392763e+03
3.180936897020409560e+03
3.608850252140424345e+03
8.896869008539850256e+03
1.041969564685039813e+03
5.811497904167164961e+03
5.138276440051689860e+03
9.123334899279314413e+03
8.614633120019663693e+03
1.758842174071519139e+03
2.197509990973454023e+03
5.347903946088306839e+03
7.003013797789791170e+03
1.566854306263119952e+03
9.396980766214885080e+03
1.626022319034603470e+03
4.146678841203254706e+03
9.196692478620638212e+03
9.867066566923782375e+03
9.261035210366986576e+03
8.484425053113140166e+03
7.848536708961762997e+03
9.855763706025543797e+03
8.705579490098003589e+03
5.550930388830968695e+03
2.662322025786528684e+03
3.668295466615654732e+03
2.997579065418799473e+03
8.199273981312493561e+03
4.121170108924300621e+03
6.512760412061920761e+03
2.102556755439063181e+03
3.819562516932226572e+03
4.672428798955401362e+03
6.171621206676786642e+03
7.471686782128338564e+03
2.011130377835804438e+03
7.849899673672687641e+03
6.930362182381095408e+03
2.317747773485582911e+03
2.173062738557816829e+03
5.115368176326766161e+02
8.599693909669262212e+03
8.001125802934030844e+02
5.693095596849278081e+03
1.155356684658395125e+03
5.402336106276936334e+03
9.234005690619027519e+03
8.453104552247799802e+03
5.925708937419607537e+03
1.725284206878683108e+03
7.407651728091142104e+03
8.396650266732704040e+03
2.503500458112679098e+03
6.475657658927250850e+03
5.610774468697451994e+03
5.282094679944587369e+03
3.419186890685547041e+03
3.785024633478307351e+03
1.485398110142599762e+03
6.258484320058112644e+03
5.653176305212592524e+03
6.308488261367153427e+03
2.600931670902123642e+03
2.408868743143149914e+03
3.697532350997434150e+03
1.792051435677155382e+02
7.949599302039185204e+03
6.221832481703208941e+03
8.899096400692196767e+03
9.318195581412868705e+03
3.982761012159172424e+03
3.319430920347446772e+03
6.186254921756258227e+03
2.816380224052552876e+03
2.625965152980795665e+03
2.096170924909860958e+02
3.274165262618997531e+03
4.907932147306580191e+03
8.721453088967327858e+03
2.466269611501396412e+03
4.888745816954407928e+03
3.730071382732226994e+03
1.523339975731038862e+02
5.908391668691512677e+03
5.998327559044235386e+03
2.486886111233445433e+02
9.458856696360675414e+03
2.802646479780787104e+03
6.596025059319237698e+03
4.372091201545024887e+03
7.574311532626566077e+03
8.789865206841395775e+03
8.351513774473738522e+03
7.734471119726963479e+03
4.040752681263896648e+03
7.115667871822182860e+03
7.534369307817957633e+03
9.922231127811050101e+03
1.197283849678495017e+03
1.469612736848159557e+03
3.454709019822684240e+03
8.391836508161928577e+03
4.663003157268733048e+03
3.891789403722586485e+03
8.406277825741806737e+03
7.824883876323258846e+03
1.437608004842031278e+03
9.877307175397905667e+03
2.278611570676385782e+03
6.236437510697681319e+03
8.324731706665756064e+03
6.777014179288998093e+03
6.728882903196694315e+03
5.024489835815381412e+03
8.736265443295404111e+03
5.234776768174839162e+03
1.534696928593025973e+02
7.706448143318038092e+03
8.076148461793054594e+03
1.039489173596573892e+03
3.757910233229190453e+03
3.319452329409714366e+03
4.840310611376323322e+03
6.915691747427849805e+03
9.747457262187564993e+03
5.758235536152443274e+03
9.782559276036898154e+03
6.591659791043657606e+03
6.446525032390320121e+03
8.659857124627558733e+03
3.240732685459354798e+03
4.249150380007466993e+03
3.206579454026622898e+03
1.342436503399192361e+03
9.123035020726312723e+03
5.821194700344918829e+02
4.767907724473297094e+03
2.466350292385795456e+03
4.639636445631348579e+03
2.635313483464854471e+03
7.761541522836232616e+03
8.204390480085623494e+03
7.575607765968115928e+03
7.235558015413996145e+03
9.986978508346126546e+03
4.298547714453959088e+03
4.716729043515113517e+03
2.382026466188694485e+03
8.517229552998634972e+03
6.849877428870858239e+03
5.106044853921126560e+03
7.324518255867015796e+03
6.200439920941376840e+03
6.400186114311894926e+03
1.796570804246701300e+03
4.743183749447375703e+03
2.794478859619571267e+03
1.524381591529408070e+03
7.083594110852879567e+03
7.906353680524925039e+03
5.575920447515717569e+03
7.355207337376832584e+03
3.068196373993833731e+03
8.758399059870530436e+02
8.740803855407746596e+03
1.992443176109888782e+03
5.430229570189444530e+03
2.060292041633351801e+03
4.773900237589927542e+02
6.687766246331626462e+03
4.728363408922392409e+03
5.537510181092257881e+03
5.498556050218825249e+02
9.225539412110649209e+03
1.494637933731714611e+03
3.209753153238071718e+03
5.750360500020868130e+03
9.425205258291221980e+03
4.645406036544711242e+03
7.265383264150200375e+03
5.864032504784925550e+03
2.307943529059313278e+03
6.423888077149225865e+03
2.635434416398904887e+03
4.640028289076238252e+03
8.025143630132713952e+03
4.672981155847736773e+03
2.770152619682872228e+03
1.304815057213863554e+02
2.329038678179316776e+03
8.007824748678242031e+03
3.150654996312449839e+03
6.234832026486312316e+03
2.762599589968931468e+03
9.235528905843460734e+02
1.691326477300914632e+02
7.077600783423680468e+02
1.976590738645573992e+03
4.104603023553105459e+02
8.329963785740284948e+03
7.109982364865992167e+03
9.069626130178510721e+03
5.580898476129581468e+03
5.824663313877427754e+03
8.015823888026121494e+03
6.464209900552519684e+03
5.986776053495603264e+03
2.182015131547174860e+03
6.866842770337600996e+03
3.566712711349097390e+03
3.278226519541245580e+03
7.727963912096641252e+03
2.059517328245398858e+03
9.678347872665752220e+03
2.036325683645099161e+03
4.904444849957785664e+03
9.061505252094319076e+03
2.770529652742185590e+03
2.006148988299276425e+03
6.494050139226164902e+03
7.224191951957069250e+03
7.883624800290340318e+03
3.939626674645367984e+03
5.268551842372012288e+03
8.463413018667099095e+03
1.353933710767077400e+03
2.348186424380577137e+03
9.505782227888851139e+02
7.260633184580374291e+03
8.362181777810779749e+03
7.966808238655790774e+03
8.107489285494823889e+03
5.243453364519526758e+02
9.045599495565116740e+03
4.766004528729915364e+03
4.016694278183501410e+03
9.465848413109884859e+03
2.851744351027467928e+03
1.580597128200827910e+03
5.938927817283301010e+03
7.104726712962271449e+03
6.652663039746638788e+03
5.584284715358108770e+03
5.954732465318151299e+03
2.870397006318346030e+03
5.508771532565586313e+03
3.575800840119158693e+03
9.871921629829430458e+03
1.049877159414177413e+03
8.145438160276049530e+03
1.920708317175581897e+03
6.870119075415560474e+03
8.711599367244332825e+03
2.441988772601880555e+03
7.884218693011029245e+03
6.493639011040453624e+03
9.067160051761948125e+03
9.679938239765437174e+03
1.996608644856065666e+03
3.847483192191280978e+03
3.674379410021870171e+03
5.730460399714283994e+03
2.462706402637509200e+03
9.068225738888184424e+03
5.274475118006848788e+03
7.036236121815237311e+03
7.323896891588425206e+03
1.937623581168475994e+03
3.561036590416277704e+03
8.718048791149851240e+03
3.553654723914316492e+03
2.356768628420530149e+03
2.351872286233867726e+03
7.129795499932177336e+03
6.614435649707017546e+03
9.627560194939094799e+03
4.081084791260192105e+03
7.708807615059459749e+03
8.346050737107092573e+03
2.857951525986342858e+03
5.342678638665763174e+03
6.840202088405670111e+03
5.155060640169553153e+03
9.492096067424754438e+03
9.574192011891758739e+03
8.678617507885546729e+03
2.217666263781642556e+03
1.766875146517966868e+03
7.790210823990045355e+03
7.448124898389017289e+03
4.354562591097767836e+03
6.881117368385353075e+03
9.655703194657657150e+03
6.156647966057291342e+03
4.346045764930107907e+03
2.048712313011894366e+03
3.672976323263560971e+03
2.322322441445856839e+03
4.306306501533718802e+03
6.050555866760805657e+03
1.702377272619159612e+03
3.094967423364220849e+03
8.828318418737040702e+03
4.489415595292491162e+03
6.341268174352187998e+03
1.150314643384380588e+03
5.563775090712741076e+03
7.293933615507604600e+02
3.343420966891508670e+03
2.319265577543015297e+03
1.842114788056303951e+03
1.733808803623772974e+03
1.204450703607828018e+03
9.620433530000864266e+03
6.707475071338656562e+03
7.278190778400554336e+03
7.845952611296800569e+03
9.175001851592949606e+03
6.208623368078500789e+03
7.216240224801612385e+03
9.429748563309636893e+02
3.182224691647115378e+03
6.180676017681617850e+03
2.243857224494579896e+03
4.935455015707200801e+03
6.349787583893109513e+03
6.469006967888561121e+03
9.277647873217234519e+03
7.005990126995587161e+03
6.784199196750104420e+03
