7.018278806624096433e+03
1.323129284691822534e+02
7.339661734461746164e+03
5.107337090234372226e+03
9.723307459342116999e+03
7.918209348984141798e+03
8.520150005433626575e+03
5.972545879846756179e+03
4.033374415864381263e+03
8.547282595315111394e+03
5.443183763288585396e+03
7.758498570257294887e+03
9.292835712941603560e+03
2.185387624080362457e+03
9.963913057277428379e+03
4.830426454821095831e+03
2.388664003876639072e+03
5.344092954711418315e+03
6.902492361476249243e+03
8.888739057388835135e+03
4.140099659723805416e+03
9.368615035312019245e+03
4.209514693344923217e+03
3.096664611277559516e+02
5.672356323039602444e+01
7.839658760655579499e+03
8.437020960689409549e+03
4.424592853863211531e+03
1.039585738058350216e+03
2.110835992870211612e+03
7.816214702640124415e+03
5.932879273746183571e+03
1.943695906055588921e+03
3.943380351318508929e+03
9.281511610394814852e+03
4.645637220370199429e+03
6.892696283152043179e+03
4.664216299852845623e+03
8.899322302317141293e+03
6.352945293425628734e+03
2.876710632402689953e+03
7.539052088959626417e+03
6.828777087719302472e+03
4.033682889302620879e+03
1.563622046264329697e+02
1.917730799732365995e+03
2.011525587244045028e+03
9.867755616179834988e+01
8.190873556760207066e+03
7.449085215503563632e+03
6.308532835483704730e+03
9.227925489872952312e+03
8.263034374047529127e+03
4.734477743500398901e+03
8.646727212892335956e+03
4.908708111731438294e+03
4.767430068011692128e+03
7.760970597189750151e+03
3.595255700287812942e+03
4.584717323657405359e+03
3.174333548232245448e+03
9.520532726271254433e+03
9.458587471884718980e+03
8.389069258187355445e+03
8.881540866987252230e+03
9.977123171651363009e+03
6.221079676013590642e+02
4.395352041928254948e+03
6.116462429722570050e+03
4.229156362507902486e+03
3.293187905070117267e+03
4.638435678990954329e+03
4.686904065548976178e+03
7.820972731655109783e+03
3.190669263056447562e+03
3.941762515693675596e+03
2.053035345514606888e+03
8.989591903563699816e+03
8.456439345611037425e+03
6.415516619863157757e+03
9.544950942029299767e+03
5.420401258420867634e+03
3.982551899494391705e+02
5.140022446938236499e+03
5.817414333485837233e+03
7.284109905880954102e+03
2.927815280227437142e+03
6.467971371406693834e+03
9.180682194100767447e+03
8.265263449457583192e+03
9.707385499794720090e+03
4.553766413029255204e+02
6.135619853754084943e+03
1.359674816738754771e+03
8.164128571634504624e+03
3.963313801113027239e+03
6.098998348262306308e+02
5.357510711535466726e+03
2.726348671245601054e+03
5.621647061269060032e+03
1.862641236846106949e+03
8.945977229422906021e+03
5.792307280267618808e+03
1.793711278650213217e+03
3.669095402688831655e+03
4.307038216152068344e+03
2.244004327539663336e+03
7.091843095746365179e+03
1.354498531357097363e+03
3.259006702966541070e+03
9.121256464271922596e+03
2.467942679821085676e+03
7.537552700203793393e+03
5.844869716950884140e+03
1.750952509460400677e+02
7.162311620037963621e+03
9.286554108219022964e+03
6.906851446092480728e+03
9.988583577084909848e+03
4.377364131634586556e+03
6.253010891210437876e+03
6.722668340022815983e+02
2.112592191566408474e+03
4.060730621433174292e+03
1.877914426261689641e+03
6.001396616142817038e+03
1.079095098930390805e+03
6.455372815605025608e+03
9.762165026461694652e+03
9.434792118197910895e+03
3.582303658979828015e+03
5.559071470735034382e+03
3.476995843648738287e+02
7.745972620389179610e+02
4.653639548617348737e+03
6.748637571714012665e+03
7.446906559177160489e+03
4.460763590215260592e+03
1.913816191464316262e+03
7.164501698311254586e+03
1.587187567723284928e+03
5.755792974016259905e+03
9.261582805409723733e+03
8.268331545012983042e+03
7.414281873566929789e+03
9.599291991813875939e+03
3.701557601743663781e+02
3.237934446826791827e+03
8.070794772419387300e+03
1.872222187568670734e+03
7.607737119862773397e+03
1.921159915167463623e+03
9.424172102638671277e+03
8.997585079488519114e+03
9.421129674847166825e+03
4.264354857447857285e+03
8.133926975400862602e+02
2.429506440341326197e+03
7.986204015311941475e+02
9.591342598850616241e+02
3.142259764134586476e+03
2.123449050596487723e+03
8.329719698410588535e+03
2.590863621635383879e+03
9.241930040820408976e+03
2.972435429462973843e+03
9.476279346570245252e+03
4.278429169558699869e+03
2.014771639364761540e+03
7.119712738648288905e+03
2.367739786566114162e+03
6.557365854538435087e+03
4.069086150424402035e+02
8.372352826794500288e+03
6.411083818397632058e+03
1.799644011435595303e+03
8.414528160502773972e+03
5.613219489971349503e+03
1.948174832908248106e+02
5.421211144112265174e+03
2.624820999332779138e+03
9.536659844234382035e+03
3.451674922523070563e+03
3.626479192322493873e+03
9.446801820461183524e+03
2.795816096909419230e+03
7.451397042931915166e+03
7.877240668230079791e+03
7.727243938795121721e+03
9.587444460455028093e+03
7.446713762531191605e+03
1.688483127820371919e+03
1.936818918707644116e+03
2.057185690984684243e+03
5.969586373737683061e+03
6.126112671024094197e+03
6.476245338976030325e+03
7.830737426741328818e+03
4.529734238262233703e+03
6.093880551883065891e+03
8.829189529186665823e+03
8.043781330620188783e+03
3.907185435228970618e+03
9.092817803735422785e+03
4.715573290596355946e+03
3.246363404313663523e+03
7.418014576547560864e+03
4.382856012219283002e+03
9.947347870116765989e+03
7.933585564443256999e+02
5.154190752688796238e+03
8.005497103596037050e+03
3.220540042711036676e+03
6.005928958217635909e+02
8.372385012928998549e+03
2.948921362554614007e+03
8.193891191208298324e+02
9.640705100429124286e+03
5.981844651292683011e+03
2.899867903801572538e+03
9.759520916731295074e+03
3.578460537178373215e+03
5.577436371022321509e+03
9.451818096732185950e+03
6.184370204200818080e+03
2.750628774296169468e+03
8.207929422591427283e+03
3.303174658826316772e+03
5.415655668787049763e+03
5.212175065488439031e+03
9.783720772803897489e+03
5.783418365295281546e+03
9.024056429688374919e+03
7.322559519660441765e+03
8.974460825861830017e+03
4.927704297228804535e+03
1.283174082398116767e+01
5.823849828787817387e+03
3.846441725577429224e+03
1.618608138678606110e+03
5.046287366126491179e+03
7.424085117044553954e+03
1.281404082465586498e+03
5.314342612212877611e+03
1.987749595321195102e+03
1.028376399920457288e+03
4.219335510602310023e+03
9.783478155727270860e+03
2.204105106144313140e+03
5.986915384766212810e+03
4.574379788271041889e+02
2.122732765115754319e+03
9.112653868601611975e+03
4.355931942676957988e+03
5.838665359336224356e+03
8.459368917400051942e+03
3.486726129438592125e+03
9.190767379339044055e+03
3.923417465263245958e+03
9.389182004326283277e+03
6.930588533151802949e+03
6.713757909419756288e+03
3.287007418839349612e+03
5.914757213861283162e+03
2.784882968579188855e+03
3.327677295294334272e+03
8.993169492775767139e+03
6.785932909271199605e+03
1.293542719801674366e+03
1.974202498461231244e+03
4.433431257141747665e+03
7.074875172033528543e+03
5.647008764340358539e+03
9.977489467811014947e+02
8.472327540656016936e+03
5.337787596978221700e+03
2.247659951543779243e+03
2.533134807419999106e+03
6.634011749357973713e+03
1.628401835179394538e+03
4.470050282324168620e+03
7.961398360741094621e+03
9.118698929408265030e+03
3.728904077789051371e+03
3.306258922356796575e+03
2.533723453522076852e+03
7.741543373495336709e+03
7.531488053241373564e+03
7.838770071253781680e+03
8.830916159684342347e+03
6.275576217750109208e+03
8.775947074549294484e+03
9.068910256870883586e+02
6.380670098759628672e+03
1.062233206351517993e+03
8.312995657131721600e+03
4.899091971971179191e+02
7.570521810550681948e+03
3.886734720379209648e+03
2.454777860266996413e+03
9.353805529584877831e+01
8.671779831262965672e+03
5.113723718085839209e+03
6.249223800659484368e+03
5.098499888976301008e+03
7.285475366330621000e+03
8.028568369819480722e+03
6.438774168331440706e+03
3.498647521946375491e+03
1.359824069630918075e+03
4.815882698650257225e+03
1.604549928919309878e+03
3.914203053931573322e+03
4.230264523411333357e+03
8.857488172874687734e+03
2.180031336387858403e+02
9.687227336172678406e+03
2.266757792153677656e+03
2.874987099277386733e+03
3.025402318803749040e+03
7.715235301922722101e+03
4.113536144658572084e+03
4.084409697836462328e+03
1.473065679466235451e+03
2.393245865391125790e+03
5.514675505326968050e+03
4.528462986787231785e+03
4.676467973020350655e+03
7.445171144079245096e+03
6.945064019413212918e+03
6.532467804852622976e+03
8.077583566581806735e+03
6.186505033437891143e+03
8.351719612616103404e+03
8.481915588437221231e+03
1.674755210702041495e+03
3.443223603981726683e+03
4.682945433663244330e+03
3.156637954563602307e+03
1.065282684387894506e+03
5.706484854284115045e+02
7.572186654326367716e+03
4.954646000028366871e+03
3.224981205719373065e+03
3.932392699989047742e+03
3.072861561649630403e+03
4.362186533828574284e+03
4.553676223139694230e+03
2.659234741835356544e+03
9.826545105182921134e+02
4.766613773291060170e+03
1.711011741035405066e+03
5.055394301887265101e+03
4.217596657252237492e+03
5.599918666923436831e+03
6.960725167436674383e+03
5.677515902918247775e+03
1.566994630925746151e+03
2.174923191404820045e+03
6.277445671212148227e+03
1.553420238095323384e+03
5.000721001198905469e+03
3.611379623023882232e+03
9.689854337712651613e+03
2.662977160522430040e+03
2.414982606315862540e+03
9.479939832125804969e+03
5.829543798453881209e+03
4.262678129808908125e+03
7.882054791085490251e+03
7.418685377352023352e+03
9.010846334924852272e+03
6.938163287722370114e+03
6.625946127524588114e+00
1.774957641718046716e+03
2.406064068837526520e+03
2.007067625447580895e+03
7.182365962361362108e+03
3.067567940213612474e+03
2.386432262348944846e+02
5.040336589955251839e+03
7.991149283861525419e+02
5.911090968096316828e+03
3.379916176333639214e+03
6.916537408909070109e+03
3.666713026961999276e+03
6.374461733925561020e+03
2.150762504761092259e+03
5.235132095963988831e+03
6.652482402471008754e+03
7.372193998772250779e+03
1.232721952995141464e+03
6.356180110469178544e+03
5.299681104591475560e+03
1.839760538288268663e+03
8.438308467159868087e+03
2.384966947687676566e+03
8.743204139467547066e+03
7.333957707585821481e+03
1.389820044548465376e+03
6.580879450158135114e+03
1.211839431249090694e+03
9.602485086603996024e+03
7.035130996454938213e+03
1.364570344953225913e+03
7.792960553341564264e+03
4.829605586881270938e+03
5.608788508691915013e+03
1.418435731412195310e+03
7.874886887959402884e+03
1.525579521174217064e+02
9.858256021579712979e+03
8.831694931768752213e+03
3.722050942633924933e+03
5.581554893277851988e+03
6.508651137548428778e+03
9.585215856593535136e+03
6.143636927789317269e+03
2.347985104237650376e+03
1.000091680046532019e+03
6.600461667448663547e+02
8.936815716317894839e+03
6.067383997454627433e+02
2.397980478205100553e+03
5.641598675415237267e+03
6.315939345411874456e+03
8.073238303745061785e+03
9.034110907622132800e+03
3.115475557886897150e+03
9.037721384417352965e+03
1.959442190558625612e+02
3.358579001604951827e+03
2.320351481651111499e+03
2.518348970266633273e+02
7.269056304224163796e+02
7.455896437179417262e+03
7.487881530233438752e+03
2.390660327128599420e+03
5.248298544752579176e+01
1.512261161856561955e+02
9.493659661346426219e+03
3.954806892384764978e+03
1.134629014127971914e+03
2.475009780028401565e+03
7.168826388837477680e+03
5.473365009653226480e+03
2.811655134022943912e+03
3.558029031239178039e+03
6.988430103886420511e+03
8.736067445218255671e+03
2.808275171636526466e+03
4.113199613280338781e+03
3.181851433850668400e+03
3.183827442623948173e+03
5.899560456313660097e+02
3.505753304273757294e+03
6.283245055009322641e+03
8.432688762332354599e+03
7.125024338923391269e+02
6.455475896299832129e+03
4.941832650305508650e+03
2.733243533672003878e+02
5.988972338740180930e+03
9.675962736391184080e+03
1.979580832403551369e+02
2.153171796920233589e+02
5.964424613513339864e+03
1.095141373861912825e+03
4.883402853176689860e+03
9.464697028908412904e+03
4.151183410214675860e+03
6.523272047730049053e+03
3.156799840772681819e+03
4.938243001375964923e+03
6.724217394075861193e+03
8.862048287934352629e+03
1.127875330657484710e+03
8.440040872632196624e+03
9.556456622058842186e+03
1.263036885889912355e+03
6.029516589369367466e+03
3.106816631341719130e+03
2.854671993409834158e+03
3.346422558298142121e+03
1.080341094868917708e+03
8.575112671955323549e+02
7.834680718291417179e+03
7.549224403875784446e+03
5.221729710623622850e+03
5.270563661577765743e+03
1.692003787973641238e+03
5.805438570070627975e+03
1.292094580951189073e+03
2.556097518209058308e+03
6.590853974735094198e+03
3.142739178907597307e+03
8.969806171344636823e+03
7.544719316399027775e+03
1.769971193281486194e+03
9.450932049499633649e+03
7.665690831411056024e+03
8.607074982058993555e+03
7.032188169547036523e+03
7.136960202160899826e+03
9.576025263638455726e+03
4.873294184913141180e+03
4.562168662744552421e+03
4.389861287196987178e+03
4.299134782260087377e+03
5.786097602763086797e+03
4.451692571617198155e+03
4.580052855176626508e+03
1.004312093192061980e+03
1.952097431050405021e+03
5.013245821646532931e+03
6.035706724717078032e+03
8.481165746219272478e+03
3.492901753747441489e+03
5.885146675204287021e+03
1.832151615130537039e+03
1.157065710633601384e+03
5.731357601590482773e+03
9.271089487670995368e+03
7.397740550589200211e+03
1.125691680767253047e+03
1.614958886452819115e+03
8.567680787596864320e+03
6.959239544593996470e+03
7.635395599014799700e+03
1.098056831737235370e+03
8.894135477710831765e+03
7.405087155438752234e+03
3.763699429405831438e+02
8.719382487230426705e+03
5.673440209360208428e+03
1.841767821124270085e+03
8.773958946531141919e+03
4.253667474029276491e+03
5.636813509030660498e+03
4.772272259362809564e+03
5.454097049285145658e+03
4.843994578660586740e+03
9.680083735558260742e+03
7.102449340619154100e+03
6.623502285209772708e+03
7.873884830460756348e+03
6.403093310483587629e+03
6.983287024104939519e+03
5.136445160175117053e+03
2.789298702192073961e+03
6.338293809890008561e+03
1.686958108530041045e+03
4.284175830563169256e+03
9.358822545371072920e+03
5.382607395339858158e+03
3.327677669363004043e+03
3.321146843692302809e+03
2.156342321495099441e+03
8.426033713822773279e+03
1.408448904685114087e+02
1.112626108040415374e+03
8.648042519545324467e+03
9.092662600466124786e+03
6.018878775583855713e+03
8.468239918555536860e+03
8.787195415035264887e+03
1.743427323661212085e+03
2.482288145382740822e+03
5.839102343807195211e+03
8.658222168483305722e+03
1.638879910597389653e+03
1.790772510345016599e+03
2.529989175204716503e+03
4.066118776342973433e+03
9.745547733915551362e+03
8.787831339960428522e+03
8.561287314966761187e+03
3.229635590480144856e+03
8.773031914165338094e+03
1.774252860358824819e+03
6.032699499810363704e+03
5.355994951034663245e+03
8.499008892811238184e+03
5.804079102951839559e+03
3.498607775420148300e+03
8.250490100324535888e+03
9.468855155348940116e+02
4.337279084992377648e+03
8.843539491935725891e+03
5.002892495014299129e+03
6.501208584255706228e+03
9.046801428712176858e+03
4.546937872146353584e+03
2.221956612334272904e+03
9.106582520149591801e+03
2.718705265006690297e+03
8.031608096899852171e+03
8.021242061286305898e+02
4.683465757262723855e+03
4.940410095179694508e+03
4.905137465608873754e+03
9.304090427681152505e+03
3.321490365348458454e+03
4.280395367324923427e+03
6.560860713661396403e+03
8.981973731750320439e+03
4.810617240450439567e+03
2.735442160426328428e+03
7.130297289010361965e+03
6.051382984379772097e+03
7.888949922286822584e+03
3.465951234086540353e+03
8.423433618067188945e+03
3.335277217657489018e+03
3.522510991496166298e+03
7.961391661055269651e+03
3.787950752368084522e+03
8.887377285990545715e+03
7.067008399705484408e+03
6.318000844311869514e+03
8.778242686075993333e+03
4.355677318381489386e+03
1.620694603157693336e+03
2.947578813075064318e+03
2.484179646160177981e+03
4.653165643642788382e+03
6.001431623650512392e+02
7.630278599837036381e+03
9.544115369070234010e+03
7.127432298338753753e+03
8.798178849443409490e+03
9.957296099370509182e+03
2.646189795489432072e+03
7.270182697441140590e+03
3.719797518347321557e+02
1.946396809254683262e+02
9.273790695188494283e+03
7.786458871799883127e+03
3.300013252619901778e+03
1.364548248326702151e+03
2.349858039966763499e+03
8.873168898224395889e+03
6.340488848071568100e+03
6.909149611308086605e+03
5.477454251226652559e+03
7.556700665039813885e+02
1.402619136974451976e+03
1.198894666996387059e+03
1.870479078623791338e+03
4.246111297203956383e+03
6.938076985120706922e+03
5.782456735643923821e+03
4.776766788781773357e+03
6.980579734720184206e+03
1.882559009984169961e+03
3.692150339990896555e+02
2.860758699364619588e+03
4.138759274469499019e+02
1.925776771822669616e+03
2.890065455058609587e+03
8.082256164959869238e+03
7.483399866525565812e+03
5.145902936230203295e+02
9.711967030644706028e+03
8.178492135967167087e+03
4.969119006338929125e+02
8.650211314741894967e+03
3.400227348804869962e+03
9.768520005045846119e+03
4.557172262654615224e+03
4.035025785069643007e+03
3.965532699214412787e+03
5.480493409221438924e+03
8.932403321616684480e+03
4.875366069743486150e+03
3.499619579342703219e+03
8.872229754096599208e+03
2.888405901353255558e+03
2.422362524085420773e+03
1.145998847137915391e+03
8.836643659909710550e+03
1.201072595074760557e+03
2.620514894639994509e+03
8.091583287394462332e+02
8.666153510789015854e+03
4.813648783363132679e+03
7.332300391529377521e+03
1.715479434659860544e+03
3.612162145827503082e+03
6.907937077883971142e+03
8.662182222422283303e+03
7.808573442389787488e+03
9.183787339808028264e+03
5.676738343540438109e+03
1.408316915281319552e+03
4.804441604280587853e+03
3.707780514098731146e+02
5.033310542984946551e+03
4.968990900691314891e+03
5.301236646331194606e+02
2.853350962853579063e+02
8.250972880282592087e+03
6.974600662188482602e+03
9.937239426593023381e+03
2.031284285877783987e+03
4.396196826499759482e+03
6.043023405976878166e+02
1.860533822576696139e+03
4.537263748178218520e+03
8.314340762486091990e+03
9.481582641878958384e+03
7.009238377310973192e+03
2.603863590052939799e+03
2.012943636802974652e+03
5.089626626875636248e+03
9.950723382161675545e+03
5.029641711907956960e+03
3.422906519849655524e+03
6.624292663409750276e+03
9.212985841989921028e+03
1.766590214341302499e+03
8.514972264226318657e+03
8.006472074459332362e+03
9.161019074081337976e+02
2.189457584242147277e+03
5.401390299477981898e+03
9.241363874634429521e+03
4.366876572556056090e+03
6.926578505702952498e+03
8.599601632212783443e+03
7.710218779925688068e+03
3.207394373810274828e+03
4.553266250885057161e+03
7.251555144814758023e+03
2.527460012446438668e+03
7.758249448161648615e+03
7.670639889400170432e+03
2.194190178483319869e+03
2.386680495746395081e+03
6.548636203834873413e+03
4.872236306463389155e+03
7.599432907095457267e+03
2.300540868371077522e+03
3.566097328464492875e+03
1.555154184815674796e+02
5.514607906889118567e+03
9.474393609936372741e+03
2.989189407987970299e+03
7.597244819700893459e+03
7.077410078457402960e+03
5.999443590950810403e+02
1.836609580229173616e+03
1.361691491369404503e+03
4.246581941064886450e+03
5.573920916859161707e+02
8.914614247228444583e+03
1.261118975739150073e+03
3.650493966605585229e+03
8.817101050423090783e+03
6.603236520551856302e+03
4.562247668285109512e+02
9.939176841293981852e+03
2.411683858089991759e+02
5.866457492137673398e+03
9.308041053877119339e+03
3.694046659720434491e+03
9.351111346026757019e+03
1.819347433279608367e+03
6.700425021079696307e+03
3.839986265182881652e+03
7.437637955816545400e+03
6.208226894472441927e+03
8.923622596263616288e+03
4.678997560425533266e+03
2.651225888693199067e+03
1.545547450644950231e+03
6.838004106532385777e+03
3.304697855044977359e+02
7.580100705284137803e+03
1.909459081857543481e+02
5.716807860946030814e+03
7.849235307080542952e+03
3.855064199843887764e+03
8.447276211891723506e+03
3.738134153661448181e+03
3.741666133473712762e+03
3.133527762980705575e+03
9.820003455919824773e+03
3.130441990044102567e+03
1.162717407413100545e+03
9.382752000946260523e+03
6.004936826138561628e+03
8.574112668121251772e+03
8.875955030092556626e+03
7.406885630843636136e+03
7.073532629994035233e+03
1.929043573421929523e+03
1.941000604869035215e+03
3.217657851096439117e+03
5.993827348721342787e+03
1.873930216926867161e+03
6.736751106893122596e+03
3.531278913489302340e+03
4.087999849799990443e+03
8.692521285465743858e+03
8.679104485664260210e+03
1.410853223036382360e+03
3.060909861385544900e+03
6.244264546921582223e+03
6.599001008340874250e+03
2.088206999427635765e+03
7.626653386745153512e+03
9.989825665408656278e+03
4.962437522048840037e+03
1.829588323991364177e+03
6.686298230184113891e+03
2.369066621848334762e+03
2.096218162138454318e+03
6.556973702702900482e+03
9.947591833273772863e+03
7.961637997033946704e+03
7.825505922531599936e+03
9.642241078376429869e+03
3.950586072349784899e+03
5.002597155573071177e+03
3.305013022906973220e+03
1.643777079548492566e+03
2.732098153318549066e+03
1.593823634050730334e+03
5.469722254944711494e+03
9.747106999673426344e+02
9.040609710740369337e+03
8.838617141075161271e+03
9.185499121862481843e+03
2.207471329314516595e+02
3.475249055988277291e+02
4.681333904681424428e+03
5.674586711193964220e+03
4.304841911191923600e+02
7.119533657045876680e+03
8.544691435333535992e+03
4.288494780455001091e+03
2.715096062867749424e+03
1.138559977215446452e+03
3.313211920590380942e+03
6.145974356905859167e+03
3.262933687837680282e+03
5.998411084026467506e+03
4.474468327654787572e+03
4.350985204739983601e+03
9.901939304699614013e+02
5.600119718957835175e+03
7.438318994709085018e+03
1.116148498672664573e+03
3.044483989190264310e+03
4.011369234659371159e+03
6.840100320309024937e+03
8.388943190978810890e+03
7.641105214439508586e+01
1.052197650528981058e+03
5.669618363411812425e+03
3.353285203665713652e+03
2.494443540412290986e+03
4.685780991701733910e+03
1.364150173644024790e+03
2.465751236700777099e+03
6.650451773515674176e+03
9.518497250573642305e+03
7.397890940368399697e+02
2.979907052775711236e+03
4.902066194718302540e+03
4.104415600150373393e+03
6.194226263790615121e+03
7.121047794033040191e+03
7.835167787323997800e+03
4.118451312202437293e+03
6.029017357040713250e+03
5.344388934331915152e+03
1.340830328312313441e+03
8.988891332385057467e+03
9.885633083712637017e+03
9.072456247511821857e+03
6.543885908124876551e+03
4.008255571953984145e+03
1.119210893944250984e+03
2.595914571251756115e+03
3.848297245004880097e+03
8.401625214095214687e+03
7.197392423665445676e+03
9.040009514377872620e+03
5.103849484972778555e+03
7.976846654172290982e+03
4.179746411639611097e+02
3.542833248470075887e+03
3.901143462029659986e+03
4.558409228085398354e+03
4.480220325777881044e+03
8.568554253516127574e+03
3.015899347832946205e+03
3.690832330549624658e+03
8.141765362158265816e+03
5.704999206183215392e+03
5.243579641491596703e+03
2.434789851415966950e+03
4.622738407745843688e+03
1.287694233551810839e+03
2.540402231464232955e+03
9.672219933797910926e+03
5.512519723691910258e+03
9.087018024005281404e+03
4.442823351753834686e+03
9.974336798067120981e+03
8.087580530735354841e+03
5.587683331354185157e+02
1.719141442188819383e+03
4.158895915291407618e+03
6.534808213521528160e+03
1.292345750498681582e+03
2.481030812949238680e+03
5.623797437178025575e+03
8.042303755779942549e+03
4.210575645949600585e+03
2.306718115185927218e+03
4.251126051081627338e+03
9.718753832290265564e+03
4.020016129409192672e+03
6.573294614988012654e+03
6.741909024435449282e+03
3.650780036123148875e+03
2.131036830911436482e+03
6.457811738700937894e+03
4.137785803095765914e+03
7.624087616605668245e+02
2.010729996372313053e+03
9.574658512155887365e+03
1.406965195680623538e+03
8.986174300835238682e+03
7.750323990394480461e+03
7.358022504572963953e+03
7.398620585367737476e+03
2.238685808296995219e+03
2.864506650371508840e+03
9.609907439902832266e+03
5.505711857916360714e+03
2.387840717294936894e+03
9.609056955082880449e+03
7.893029851845058147e+03
5.333386227914556002e+03
3.211475711044865875e+02
5.062438808992325903e+03
6.434021052663464616e+03
9.421436548464847874e+03
5.680302246393772293e+03
3.628642850718185400e+03
4.204708537899256044e+03
6.923039193599457576e+03
4.487388753016939518e+03
4.675418867036059055e+03
9.324048713490334194e+03
2.843995449411071377e+02
7.521230351758333200e+03
5.502240744999935487e+03
8.797695917516241479e+02
4.477878938995142562e+03
8.486817117003548674e+02
2.483632425000329476e+03
5.104075894601524851e+03
6.278209800650256511e+03
3.131043368385714984e+03
3.788019907562638764e+03
1.606499497885279425e+03
2.045636004546382537e+03
9.088616035403083515e+03
4.511881471437457549e+03
3.124346177532213005e+03
9.097460304097232438e+03
7.709224120711078285e+03
9.586783811789971878e+03
5.398387715237470729e+03
3.305275124937730197e+03
9.646935002910315234e+03
3.640297175234904898e+03
6.520392762010341357e+03
3.036007264518565876e+02
4.437264745789475455e+03
8.421887863221860243e+03
4.581819255672673535e+03
6.057195657118231793e+03
9.436620439258078477e+03
5.596706927615069617e+03
6.954279690096539525e+03
6.839418623014471450e+03
4.378905166490994816e+03
2.938124377762063887e+03
3.016921291178312458e+03
3.225058158086691833e+02
5.632139662012744338e+03
5.604975391539719567e+03
7.386334524348658306e+03
2.982312290565783314e+03
7.088315723948043342e+03
2.514177359118454660e+03
6.137172187595671858e+03
2.504275474549114278e+03
8.638076346344923877e+03
7.788582744831538548e+03
9.810015519742448305e+03
3.370135010773243266e+03
8.452392313962191110e+03
1.889948094481788132e+01
6.856753462998411123e+03
7.669981743523806472e+03
1.152643981204102829e+03
1.753373582378209676e+03
1.056797650265589482e+03
5.390226460050568676e+03
6.954252954215878162e+03
3.481598533738877450e+03
4.431007517135118178e+03
4.253615166927379505e+03
3.939533927013024368e+03
4.342935032911571398e+03
4.543914739792603541e+03
9.494465500147807688e+03
