9.623480784471759762e+03
6.813697475231057069e+03
8.319482358663717605e+03
6.912859266450670475e+03
4.282809951909077427e+03
1.239415239008220396e+03
8.146618125023981520e+03
8.085852279624384664e+02
6.867140902404817098e+03
6.050361387167526118e+03
5.917588258714930816e+03
8.457214864248713639e+03
7.670918131517737493e+03
5.902560121112709567e+03
7.024452028803125359e+03
6.208250371400899894e+03
3.825275538032434724e+03
1.585217739955661500e+03
9.739892271834862186e+03
8.454771387142282038e+03
2.301782792084309790e+02
1.414720536996785768e+03
1.852911780160881108e+03
6.011996168800314990e+03
1.146344424232109986e+03
5.715024454931337459e+03
7.888351509794882077e+03
9.605087699455707480e+03
6.626761106959537756e+03
3.107422929887956798e+03
5.934410663081636272e+01
6.267809150678432161e+03
9.398859070422357036e+03
3.867004172248491159e+03
9.203115466768051192e+03
3.561040614664059945e+02
7.060165331100933145e+03
1.893948602014831124e+02
3.286547676483146461e+03
2.716219971254678057e+03
7.664403771999471928e+02
4.724346503453441073e+03
5.659485123810064806e+02
5.628473125592780889e+03
6.509005260246774924e+03
2.219940496079001377e+02
1.814502205868180454e+03
9.759382609499618411e+03
3.382149355755424949e+03
4.498942560966375822e+03
3.648561466726688650e+03
2.849533935412924166e+03
9.571158717067526595e+03
6.160335969164251765e+03
2.216601276959231939e+02
1.290162786968375713e+03
6.136515195321246210e+03
1.038975383902544763e+03
8.230635937928969724e+03
1.701835101178607601e+03
9.874433721088966195e+03
8.469126050507491527e+03
2.974798284950975813e+03
2.140664631939397168e+03
9.293339620049458972e+03
1.163341378800132134e+03
1.082283373182219520e+03
9.118850837664615028e+03
2.556452231598123035e+03
2.365124799893924319e+03
2.006893195125021521e+03
5.051857144947038250e+03
6.788112463695590122e+03
7.245872369977584640e+03
6.976702083920728910e+03
1.409496655411823667e+03
4.871143165859583860e+03
9.041820188584964853e+03
3.859470502766557729e+03
3.014502508043704893e+03
7.652798538260109126e+03
6.035812416040246717e+03
1.125351855690456887e+03
3.404067922749796708e+03
2.739476692020654809e+03
3.324667139847176713e+03
9.708943155346070853e+03
7.066274101060529574e+03
7.687103729214922168e+03
3.712135856119228720e+03
9.771745943364076084e+03
2.852685892324583619e+03
5.655990435633724701e+03
2.308222753060455943e+03
3.746019840189035676e+03
4.652848442468752182e+03
7.210790042301549875e+03
6.116455782855934558e+03
9.440237406955988263e+03
6.545114352795604646e+03
8.674189558227555608e+03
7.307035406458590842e+03
1.356146784522340795e+03
4.829413736920185329e+03
4.893840943900279854e+03
2.035707061975584338e+03
9.427462848922696139e+03
5.859030903529228453e+03
6.726245242926459014e+02
9.333747779604778771e+03
2.887469638315394150e+03
3.014995397456216324e+03
6.658950454697338500e+03
1.633682295392073456e+03
6.534793283030137900e+03
1.162160373170314188e+03
4.880330393704715789e+03
4.046802967876226376e+02
2.668544092063587868e+03
5.351655561854809093e+03
1.850322227664290040e+03
4.611545066191791193e+03
8.654891716789126804e+03
7.333052623906422014e+03
3.370600264168521335e+03
6.353474660325072136e+02
2.773440305596043800e+03
8.531784842636116082e+03
1.563326226740359743e+03
5.204494236307135907e+03
6.179235125951438476e+02
7.429409115501450287e+03
7.731260271287805153e+03
5.623180370027209392e+03
5.327835647489086114e+03
1.430581493063329617e+03
3.611370876963978390e+03
6.564203149193664331e+02
7.970169954312003938e+03
7.210064358501567767e+02
2.886225522638742405e+03
1.916823228525929835e+03
6.752686507843645813e+03
5.517157112836906890e+03
5.237040746583144028e+03
5.498227623336428223e+03
2.271252017433323545e+03
5.940932408389645389e+03
9.245586376551658759e+03
5.817179597137745759e+02
1.145928520738940279e+03
6.410755984056123680e+02
5.304015296397700467e+02
8.016227570976571769e+03
2.453368492318295012e+03
2.995952890903566299e+02
4.418262666117410845e+03
9.306397675294267174e+03
3.188606214920303046e+03
1.338489265771103646e+03
5.349894195805763957e+03
5.657803910603371151e+03
3.255354514815635866e+03
2.652286513684599868e+03
5.749628768111427235e+03
5.511155076225058110e+03
9.375404393857106697e+03
4.054083977817410869e+03
1.754564655532194365e+03
5.840127419676839963e+03
4.427329650235639747e+03
7.434319273015468070e+02
1.439489889610543059e+03
6.817975750452053035e+03
5.675365959503579688e+03
8.297501511055990704e+03
4.654095935751511206e+03
2.972746810746381925e+03
8.314209151373819623e+03
1.726300158298725137e+03
6.941319845129482928e+03
8.188745605077342304e+01
2.602916126492037620e+03
7.371393987823677890e+03
3.300471969197141334e+03
6.296421855941694048e+03
8.930149989676623591e+03
8.679920801587373717e+03
6.446129611777414539e+03
7.118626874126917755e+03
3.609598965231637976e+03
6.515734171570071339e+03
6.655049919538668291e+03
5.164592670038446158e+03
1.692894980631935368e+03
5.019933638520347813e+03
8.966088840998865635e+03
5.296741245659617334e+02
3.460428979725400040e+03
7.337368355144837551e+03
1.220190749573064068e+03
2.825988864283794101e+03
6.811096027219853568e+03
2.389860631492456378e+03
6.397494677884704288e+03
4.369920034782215225e+03
1.048257454507863258e+03
7.035011216756317481e+03
8.634739560950076338e+03
7.331154705711043789e+03
3.249281998200152657e+02
8.233009924587313435e+03
3.623704874673650011e+03
9.765755190209540615e+02
5.289919467261253885e+03
9.947829105038967100e+03
4.188733227013778560e+03
9.361478233448584433e+03
9.992126607681313544e+03
3.228356967296391304e+03
1.538886849059100314e+03
8.373004423059353940e+03
1.412349391401674211e+03
9.114429825694249303e+03
6.504870968500442359e+03
5.955176840555933268e+03
3.776048116714032858e+03
9.556660292268712510e+03
6.287354668144558673e+03
3.054186210967427996e+03
4.373030756068904338e+03
4.594251491326906944e+03
2.956193835122480209e+02
4.321395234604818143e+03
6.635407117120197654e+03
1.897307067925285082e+03
2.425508638666851766e+03
7.150168642978177559e+03
1.686556352892461973e+03
5.529525391716149898e+03
7.306044852612851173e+03
5.997630015707523853e+03
4.837560668698324662e+03
1.889796643349279293e+03
1.693171242161184864e+03
5.730955853753387601e+03
5.276903857829457593e+03
3.132954270534000898e+03
6.710522539267019056e+03
3.302166764451650579e+03
6.843076980844879472e+03
4.286067117532545126e+03
8.573489448976348285e+03
1.886327323683962504e+03
5.166591800207872438e+03
4.845010478765098014e+03
4.212377656185828528e+03
5.730208107761909559e+03
2.104518508929657401e+03
8.285274502386453605e+03
6.030375867085046593e+03
4.088798895405911026e+03
9.185895314113948189e+03
2.733953545580851824e+03
4.590668698924917408e+03
6.716751386925049019e+02
7.108961885277181864e+03
2.937280082768158081e+03
8.201622209598002883e+03
8.215810337576918755e+03
6.043005598318638476e+03
5.404923572204629636e+03
5.935155708924551618e+03
6.349494533942131056e+03
7.705796541809990003e+02
2.431419724996231253e+03
6.947926060443274764e+03
7.730480970963739310e+03
8.778392430539359339e+03
9.452860753521226798e+03
3.933715844422919417e+03
8.402386307987673717e+03
7.318238373285606031e+03
2.088109220194612874e+02
4.825139359095285727e+03
9.501784499499650565e+02
1.894079479179044256e+03
7.482905095801659627e+03
9.070845441410285275e+03
5.067364958736863628e+03
8.396789972993858100e+03
4.275182348028162778e+03
6.364167481733654313e+03
8.701561992137927518e+03
6.576035450742434477e+03
1.935974456533674811e+03
8.341983993568557707e+03
8.574337496268841278e+03
9.659336882388584854e+03
3.340399574205022873e+03
8.333016835673824971e+03
3.009452030150645896e+03
5.883476035782539839e+03
7.540151403420591123e+03
9.536151555912654658e+03
5.833317107489064313e+01
3.692863477212508769e+03
4.649230909210650680e+03
6.442334480334019645e+03
7.313721530895742944e+03
6.904374300058902008e+03
5.570796833680926284e+03
7.378295285943165254e+03
8.900729513707256046e+03
1.033231864606245608e+03
8.519924493019347210e+03
6.007109592818764213e+03
3.274431035853716367e+03
6.284813620717504818e+03
5.743748474157737292e+02
2.078903033885419063e+03
4.314524381630390963e+03
5.068129361304275335e+03
5.625722170158665904e+03
6.945229106335780671e+03
7.795221985390193367e+03
7.158809664068323400e+03
2.148893025988541012e+03
1.172656717415127105e+03
4.914911443973175665e+03
9.215113226842799122e+03
8.199298520716654821e+03
2.447109427582386161e+03
2.519544231198134185e+03
7.401484896745553669e+03
1.105212192663616861e+03
4.848034684382268097e+03
2.703149296228540607e+03
6.533808183181649838e+03
4.124239699681109414e+03
6.325177195199029484e+03
5.593581055467200713e+03
4.045321904375420218e+03
4.231328730431391705e+03
5.769847549940302997e+03
2.300482675552431829e+03
6.180261734448805328e+03
7.857893076890858538e+03
6.472217626493921671e+03
6.566670047195741063e+03
2.361427713445091285e+03
7.063220069041130046e+03
9.817167475533389734e+03
8.472580098439910216e+03
5.873226269525435782e+03
3.028420831315204964e+02
1.689582457482546033e+03
1.953286660352658600e+03
7.756344674145274439e+03
5.722961756287292701e+03
3.109984235957465899e+03
2.205251906127909479e+03
3.821913204026658150e+03
4.468459393009341625e+02
1.773213989620270013e+03
7.861462747600806324e+03
5.457243660311110943e+03
3.762915620436439923e+01
8.805342292132399962e+03
7.842957169751929541e+03
4.415770384384435602e+03
9.988502651816506841e+03
6.050876853024995398e+03
6.068046126714024467e+03
9.563005507395870154e+03
6.960803480582540033e+02
4.107369998979131196e+03
9.321974962012765900e+03
7.693179377597762141e+02
3.887942339315617119e+03
4.720862689291045172e+03
2.819192244955780097e+03
4.117803074204821314e+03
7.835389855874552268e+03
7.080178658121488297e+03
3.816822728337152512e+03
3.027803780516978350e+03
8.094080409571921336e+03
6.920286043898106982e+03
8.992981000141264303e+03
6.009747164378115485e+03
8.235839693638643439e+03
3.121972518842833324e+03
7.718523126006960410e+03
5.856538832953176097e+03
1.062215869907757451e+03
2.607770088294193101e+03
7.219632277934493686e+03
7.834330980006717255e+03
1.901289569971569335e+03
6.802489292543877127e+03
3.496657123714525369e+03
3.283572047041034693e+03
5.886200324023565372e+03
5.643426650609913850e+03
4.342619795748753404e+02
4.471430586955804756e+03
8.508135338983409383e+03
2.931327272797924252e+03
6.859049949202447351e+03
1.880736736434185786e+03
8.065680663579230895e+03
9.369588141263937359e+03
3.038536197066818204e+03
5.354683685633668574e+03
7.843771268773203701e+03
8.387755783635557236e+03
9.108725868260027028e+02
2.777141933409371632e+03
1.423489843471632526e+02
1.665259710771119217e+03
6.143757128544100851e+03
4.113785145548340552e+03
4.144826724583390956e+02
4.892075146811464947e+03
2.500629056411264173e+03
4.325198998302392283e+03
3.177301460663400576e+03
2.859736280486988107e+03
3.241499592366346860e+02
5.472239626107021650e+03
3.269471840585245445e+03
9.406001446743664474e+02
3.019307104537789655e+03
3.896100003868066779e+03
2.112715047798998512e+03
3.391324874378057643e+02
4.569060847833211483e+03
2.871529372574319154e+02
2.369868308597552186e+03
9.973116901725872594e+03
8.920401514684732319e+03
4.573832401688167010e+03
4.335386100243744295e+03
3.173437891609752342e+02
6.827018259159270201e+03
2.294620252229718517e+03
3.568361247657569947e+03
3.852075339474901057e+02
7.443881720523794684e+03
8.344199317266278740e+03
7.660100287581441989e+03
6.035244089189094666e+03
3.404966152845548550e+03
9.139328446709196214e+03
5.486585652061598921e+03
6.915106209301616218e+03
2.998547430157293547e+03
5.076139998089224719e+03
7.144160361008292966e+03
9.163714795993915686e+03
4.239670214463904813e+03
5.327488666630132684e+03
4.108417982197421225e+03
1.831494802143405195e+03
2.815325472052001714e+03
4.796671465248929053e+03
2.419761679103656661e+03
6.513533573657144188e+03
9.667749312766065486e+03
8.798393780265098030e+03
3.066650440751966471e+03
2.441432479911707105e+03
7.698340035266520317e+03
4.655507434979548634e+03
7.000189007907260020e+03
8.765252160518944947e+03
8.240321161141790071e+03
1.247387054270047656e+03
5.110059791244840426e+02
7.560779286805749280e+02
7.518232832481818150e+03
7.128792406327407662e+03
4.987620074308059884e+03
9.877059115032284353e+02
5.222491502543594834e+03
1.134241187302928893e+03
7.417383318281046741e+03
7.055815598914322436e+03
1.117139931996178575e+03
8.285834746982609431e+03
8.706176772768814772e+03
6.287746971929569554e+03
2.867085336607316094e+03
9.770789541020198158e+03
9.895392377410860718e+03
1.652324831062824444e+02
2.043387768793041062e+02
8.656691510291724626e+03
1.993390331338706289e+02
3.968986959181355360e+03
5.915505775404634733e+03
6.572545297364309590e+03
3.057901507362288612e+03
8.554508005643516299e+03
7.979536456048031141e+03
1.582195421249959736e+03
3.440938116209968030e+03
3.556413482098109569e+01
5.397686151402169344e+03
1.381400713521411944e+03
5.072242380180700820e+03
8.602196135870752187e+03
6.351133379049630321e+02
6.564620938048643438e+03
4.137754196639135444e+03
4.788473370726828762e+03
7.349295136918398384e+03
6.487104221177666659e+03
4.652208271189846528e+03
6.870019988904046841e+03
2.902678280973479559e+03
7.220595020323778954e+03
2.599893780869070270e+03
1.409451911444374218e+03
5.369380890863569221e+03
8.703885988845520842e+03
4.483937463795661643e+03
7.865559078280476569e+03
8.157626170083504803e+03
5.524259958032530449e+03
5.451108970079781102e+02
4.795657293709358783e+03
4.429513795977525660e+03
8.339251086554411813e+03
3.562456886754461721e+03
8.578585472829978244e+03
9.098313483328862361e+00
5.550190828253160362e+03
7.699754680936457589e+03
4.024962233801023558e+03
7.407056407552872770e+02
3.307358970155350562e+03
3.393487121109930285e+03
7.206762882614638329e+03
4.100505069393905615e+03
7.496201256651126641e+03
6.972081548904415058e+02
6.093967656750432070e+03
7.903530160573685635e+02
5.741219549132993052e+03
9.717052761418148293e+03
3.909601840214011190e+03
4.463306882025578489e+03
1.556196221639945634e+03
4.165489072523149844e+03
6.072416698308597915e+02
4.541692371806646406e+03
4.898661450924892961e+03
1.622882695706675577e+03
9.557087891958708497e+03
5.926189272357117261e+03
4.093535926218450641e+03
8.326473195484828466e+03
4.730289789646048121e+03
8.533472147217791644e+03
2.361026853058465917e+02
5.456514096155214247e+03
5.227680816028139816e+03
8.141381030507264768e+03
7.749562427985572867e+03
1.327634176439069051e+03
8.980054799738962174e+03
3.473117556456434727e+02
4.219659393810264191e+03
7.236094813402825821e+03
1.983729091902116352e+03
4.509751966511190403e+03
7.323640203661857413e+03
1.868516036470987046e+03
9.905101080896240092e+03
1.945508914131721895e+03
7.592443834665974464e+03
6.411095067130528150e+03
1.674073336975810662e+03
1.391145707831199388e+03
6.378447080468133208e+03
6.833071220036743398e+03
1.755669115822276183e+02
3.024475786710587272e+03
8.712908061261236071e+03
7.759428042615963932e+02
5.503487767042970518e+02
3.125676391492872881e+03
3.805840875706201132e+03
7.865706666729129211e+03
1.448172133853467585e+03
3.004110013069146135e+03
4.201554016516569391e+03
6.404025253388224428e+02
4.019682657475328256e+02
5.173736993642422021e+03
1.193875698170530995e+03
9.112316316894437477e+03
6.456668993575233799e+03
3.541308502385903012e+03
3.460340232959334571e+03
6.984259806065309931e+03
7.963209955550244558e+03
1.370756520948411435e+03
1.564419647694904370e+03
4.213986845036140039e+03
5.947546619152560197e+03
3.637464903491525547e+03
9.641900881032341204e+03
5.860606394203211494e+03
7.987215160819443554e+03
1.030005065697672990e+03
7.940041704547413246e+03
8.119432620098178631e+03
7.845156244150379280e+03
7.928309542409084315e+03
6.636780423185692598e+03
7.014271032714816101e+03
2.897665800098960517e+03
1.556790934081103387e+03
6.626622329354771864e+03
2.309958818361842532e+03
7.406637075942422598e+03
5.615120931475854377e+03
9.836713053515990396e+03
8.400080526909803666e+03
8.237614354811501471e+03
1.119111906834694992e+03
2.074557213860162847e+03
6.687308953243076530e+02
3.720266960983056833e+03
6.750299360223390067e+03
2.683709950584852322e+03
2.724416540407095454e+03
4.066261348631536748e+03
8.468535601376373961e+03
2.234801839638782610e+02
1.475357122236814803e+03
5.422707369813921105e+03
8.862426318212634214e+03
5.165848103425391855e+03
5.537197086891852450e+03
6.720602668059085772e+03
4.728552625452621214e+03
4.883384419260360119e+03
5.907321015997043105e+03
8.583180223913352165e+03
7.179280072200580435e+03
1.181545967448256533e+03
5.770976242357864066e+03
2.600821321415066905e+03
4.307989874018418959e+03
2.410916398242198284e+03
4.572014148999583085e+03
6.976721181793391224e+02
2.743335601567649974e+03
9.379766272650820611e+03
6.401596621264240639e+03
3.569856669274146952e+03
4.225415592317927803e+03
9.839937855303121978e+03
5.788397335318185469e+03
5.097895248640194040e+03
4.149991500329472728e+03
9.274168008948427087e+03
8.135445228655721621e+03
9.420759470585946474e+03
9.006108100802775880e+03
1.107481894507394600e+03
1.377503124679373059e+03
9.407588291629370360e+03
8.521792681291204644e+03
7.937640387457406177e+03
3.873900469480331594e+03
5.521896247102590678e+03
4.441096337912505078e+03
9.799828543129029640e+03
9.982729688304858428e+03
9.340089900820363255e+03
1.892822114758311955e+03
2.189056325282382204e+03
7.587459677764896696e+03
6.331191230581991476e+03
9.373031943547774063e+03
6.533791866103117172e+03
7.169317564253201454e+03
1.918041750880610721e+02
2.579443158883114847e+03
2.666110559741166526e+03
1.003097211354244678e+02
5.132571389298755093e+03
4.189585387774652190e+03
1.042867564870212846e+03
2.571649154641851055e+03
1.064850828699100020e+03
1.992545067086149402e+03
5.368081860303879694e+03
5.928194008688057693e+03
8.580113818427615115e+03
5.501672668892941829e+02
9.294003474564311546e+03
1.183949007378073929e+03
5.223116689418920032e+03
9.174052479735266388e+03
3.341942722331043569e+03
7.772828902826998956e+02
9.197405044813394852e+03
9.114286629064090448e+03
5.416665195770480750e+03
5.901374312055408154e+03
8.158647973444744821e+03
9.012594379523752650e+03
3.382811478142213673e+03
3.389850214281884291e+03
6.587664260468332031e+03
5.777504302848302359e+03
4.122306406442139632e+03
6.400905115800349449e+03
9.907181054280685203e+03
1.449721288646215726e+03
6.835972503161315217e+03
6.890258942720134655e+03
3.339066309301627484e+02
2.417821668310315999e+03
5.311519767200295064e+03
8.123479186716616823e+03
5.827716448183926332e+03
3.705232929594804773e+03
8.414962906655515326e+03
1.494379879870399463e+03
3.829537481398077944e+03
3.682140290040504624e+03
8.629570097621744935e+03
2.685528562725058919e+02
8.388821120460752354e+03
9.504984080911384808e+03
7.300776642051487215e+03
5.722523479783106268e+03
2.304178765851252592e+03
5.565386721073777153e+03
4.490018965324253259e+03
2.216725194942657708e+03
3.311213216755583289e+03
5.802918942338391389e+03
9.536720429171593423e+03
2.172984285974913746e+03
2.226856000291144937e+03
9.638815147596225870e+03
7.409868449637270714e+03
9.616702821536277042e+03
7.218768781273777677e+03
2.001856712961899348e+03
9.425218357070618367e+03
2.387794839646674347e+02
5.656646641019498929e+03
7.689233029054404142e+03
8.138247500005530128e+03
2.830479210934428920e+03
1.586791618739546720e+03
2.095120751427317032e+02
8.974265879423997831e+03
8.185104590316504982e+03
6.841408985838377703e+03
5.262682456872781586e+03
7.732454613276947384e+03
8.412098956417248701e+03
7.450833753576240269e+03
8.396712408242350648e+03
1.133959489650109617e+03
5.270550799680201635e+03
9.403444774260855411e+03
9.619343718773483488e+03
4.903051177045296072e+02
6.707097530695426940e+03
7.265753023752997251e+03
8.269609352946752551e+03
1.351222114051041672e+03
2.518216837659822431e+03
8.552834943534558988e+03
9.686777777015804531e+03
6.173884838045667038e+02
1.389758320045218852e+03
9.781822797596068995e+03
4.236534817560406736e+03
6.681915306877754119e+03
9.002035548121282773e+03
5.945731589086285567e+03
7.851820511692245418e+03
9.299130846169788128e+03
8.330788580448624998e+03
1.110599578063840227e+03
8.085491677043025447e+03
3.286623416404445834e+03
6.446442574311491853e+02
4.856728689181913978e+03
8.023175993362036934e+03
9.362383999194809803e+03
2.853411267438203140e+03
7.599218888814077218e+03
6.374557977093226100e+02
1.263488661477331334e+03
1.620291653695245031e+03
1.953804727791477717e+03
2.992272052217703276e+03
5.332059332078999887e+02
3.753858762834940080e+03
7.794835210320250098e+02
2.322995770136769806e+03
3.386068458648684100e+03
4.098515365545241025e+02
8.764537680091825678e+03
4.941795833776474865e+03
8.256184766002395918e+03
9.908867961262823883e+03
5.025447720249655504e+03
7.332405500349276736e+03
7.616252454206581206e+03
9.049494516318090973e+03
1.583459100121580832e+03
6.643996002805095486e+03
4.821813067983736119e+02
9.813466671893926105e+03
4.589404820190214195e+03
8.876898325085308898e+03
8.145441810444374823e+03
5.584692428774063046e+03
4.301402909573087641e+02
6.678611375236793720e+03
7.216946422864065426e+03
6.644219655315211639e+03
6.391019313995746415e+03
9.308822686712297582e+03
5.771235356973244961e+03
9.908254254658297214e+03
8.353521582849380138e+03
7.600218653550089584e+03
3.336430119491101323e+03
7.645440195144390600e+03
2.175469609942381794e+03
4.075977110225053366e+03
2.684568897028171705e+03
3.640672560819434693e+02
8.466273553421744509e+03
2.271222092839409925e+03
1.864500204837924855e+02
8.592108634435551721e+03
3.822532244760932826e+03
5.545621789341115800e+03
6.561505533015370929e+03
7.595286436493443944e+03
3.969865166229864826e+03
4.574344345964727836e+02
3.885684996867033988e+03
6.347556845015515137e+03
1.614935577215726880e+03
7.971671024450373807e+03
5.504080186818797301e+03
9.263785197027717004e+03
8.842354806060257033e+03
3.348086689319035941e+03
4.342813076264332040e+02
6.405679590758178392e+02
1.957239584477192011e+03
9.957313355500044054e+03
6.783467938040869740e+03
6.978710530765724798e+03
9.178418116496879520e+03
1.108552308828785726e+03
9.732271034240413428e+03
6.628470682240978022e+03
3.524574648026336035e+03
6.721099596944965924e+03
5.700229258095251680e+03
2.954989091860644294e+03
5.801847906944982242e+03
6.541945437981948999e+03
2.063939759273997424e+03
1.319799173931770838e+03
2.327789511410972864e+03
7.049363445912240422e+03
3.750816347562251281e+02
6.550428958423267431e+03
8.911887528438331429e+00
8.145761582248628656e+03
8.412958896611457021e+03
8.400075231921964587e+03
2.488200965890017869e+03
1.125480475348364052e+03
6.472291149536585181e+03
6.473842220666269895e+03
7.981094554455883554e+03
7.059233037726799012e+03
2.283134141429931333e+03
4.652525410252110873e+02
1.859224307445243085e+03
9.417020879017962216e+03
2.197475012079753469e+03
1.919918922769213395e+03
6.730724576246024299e+03
6.852549298478471428e+03
8.972134097702313738e+03
1.046550278562910989e+03
3.957912446645663749e+03
1.668778149042523864e+03
2.174848102991102678e+03
1.548338505614419319e+03
9.509518194446616235e+02
7.605252083419817609e+03
2.963992296496160634e+03
1.034432497132258050e+03
6.204198595612235295e+03
3.601361527664764253e+03
3.536921919653231271e+03
3.385580573196221394e+03
2.703937212085499482e+02
3.715624310919057734e+03
6.372518468392026080e+03
4.773789665614023761e+03
4.415782693973957066e+03
1.873363046392951446e+03
2.698601265141689510e+03
1.461654798639671924e+02
7.437546408889193117e+03
9.831541731369394256e+03
2.157627834718395661e+03
6.767518243022354909e+03
1.636374599009538997e+03
4.483512233879928317e+03
6.726289939670868080e+03
1.009871438182286738e+02
4.885603960453913714e+03
4.440840441450889557e+03
2.723342153563106876e+03
5.294234150987844259e+03
1.783012120680277803e+03
9.424583918695831017e+03
9.990936758065947288e+03
5.172912444989169671e+03
3.126339584535961876e+03
9.380288943603337657e+02
7.318558559775096001e+03
2.619580614870112186e+03
7.895357090337339287e+03
5.080774286931481583e+03
2.928147198365333679e+03
7.909664850008841313e+03
6.574557921175353385e+02
8.662476095186590101e+03
9.620023155065984611e+03
3.680706047583068994e+03
4.378345079183975031e+03
9.669054565610702412e+03
5.483211083689865518e+03
1.779624030231174174e+03
8.015481671527268190e+03
1.332211302977321566e+03
9.969812304858451171e+03
7.911208011833565251e+03
2.541940396933352986e+03
5.599346363229041344e+03
9.125306368679915977e+03
2.749665981888033002e+03
2.847310186303684077e+03
8.909042174663976766e+03
7.258243388096241688e+03
9.651135007831751977e+01
2.601231580721880619e+03
1.009048829858091267e+03
7.888073636141737552e+03
1.567477661292118228e+03
4.591415737399871432e+03
3.840056061661830427e+03
3.698428688076153776e+03
4.564464768796694443e+03
3.754591782178589256e+03
2.234445308975421540e+03
4.897876927501310092e+03
1.003731856645209632e+03
9.044102343313621532e+03
5.602921777251774074e+03
7.563496679016550843e+03
5.213248956302917577e+03
9.840250927236955249e+03
9.637246150112105170e+03
7.042813022992966580e+03
3.812161410425349914e+03
8.881302163428419590e+03
5.482505508157495569e+03
4.898066739592498379e+03
9.863988008011268903e+03
7.814282989780983371e+03
5.152053480958175896e+03
5.984263089532548292e+03
9.462382535163771536e+03
1.771537531873299486e+03
8.483454501182590320e+03
3.298764465288932684e+02
8.867974652248851726e+02
8.011147074527874793e+03
4.446039897562140141e+03
2.580879278504369722e+03
2.428632013017544068e+03
5.327559191208380298e+02
6.995739113146357340e+03
6.666724376150718854e+03
8.186845002272276361e+03
2.411270034998992287e+03
8.000678678599677369e+03
6.413359785990593082e+03
2.965075170486102706e+03
6.419410959200938578e+02
5.333616554630362771e+03
7.287379210091930872e+03
6.378970173017153229e+02
4.809757070579137689e+03
7.921986069309565210e+03
8.721196295308609479e+03
3.254600585635391781e+03
