1.867145833419337464e+01
6.609381577536463226e+01
5.644075630598406690e+01
2.980890823052708072e+01
5.298583306880508559e+01
7.199752461891894484e+01
4.539146723294273933e+00
2.076990797727594540e+01
8.452968667382030787e+01
7.235458207104512951e+01
5.452888522391253190e+01
8.832511630033907579e+01
6.474667111907000105e+01
1.821604002964942737e+00
6.121357478894722703e+01
5.374307058522268932e+01
4.816100976206100626e+01
8.487477822358961532e+01
5.227544794970455655e+01
2.585496785935930930e+01
2.398405706385983649e+01
4.853385729445903962e+01
1.372076141577228681e+00
4.503117232536144598e+01
4.779280966026657751e+01
3.550757037735883159e+01
8.128047465711446762e+01
1.767868732299278633e+01
4.920468364187957633e+01
1.590366385456298826e-01
1.401565279625534011e+01
1.989483357774463457e+01
2.917824345791785845e+01
3.237052613765097675e+01
5.309647722836613326e+01
2.160972805171980937e+01
2.072365282190015634e+01
4.868229573896169882e+01
1.532478415102822211e+01
8.280053659987017056e+01
4.508305041922476164e+01
1.295624499804509666e+00
7.775704574298659111e+01
4.117092445378917631e+01
5.543237212930358737e+01
1.510022338105662421e+01
2.470245367026521066e+01
2.627029367454185405e+01
6.022500215732246431e+01
2.423995019744741697e+01
2.970179150564228010e+01
6.062557605524818882e+01
8.555134769096096647e+01
6.472044844145878528e+01
5.191409782414402940e+01
5.586035410189069950e+01
7.735563858111393643e+01
1.211591225495486768e+01
5.574084866597327448e+01
2.600647695998971187e+01
2.640487373492814527e+01
1.975926843561089896e+01
1.475509305478357902e+01
1.556726674553446443e+01
1.403353248951059173e+00
7.045557928363582789e+01
9.596265487391786309e-02
1.226226715598840755e+01
7.632110530758022549e+01
8.880903149488381132e+01
7.259512968815693057e+01
3.859919682235801730e+01
4.491837627785559306e+01
1.591510535550082928e+01
6.277120677723631559e+01
4.507785317124362479e+01
7.439164361076535670e+01
8.796875893921459522e+01
2.004234577240006487e+01
5.482830545415232848e+01
5.415873657064884128e+01
7.075825179488012395e+01
5.994447249192229776e+01
6.702052996330594681e+01
5.088494669329555364e+01
1.933779601008532012e+01
1.980722029445084464e+00
1.005390545791990320e+01
4.986734021770971736e+01
8.062898399710039143e+01
3.114734518763770765e+01
3.390183913225175161e+01
4.453391450593031209e+01
2.207780105978994989e+00
1.183772628724518405e+01
6.047862068355690468e+01
8.383501927237448115e+01
8.259335542638245897e+01
6.546484819287128687e+01
4.153306037732404477e+00
8.328327932595152561e+01
4.288423167994587715e+01
6.417253376138027932e+01
6.572578580009476923e+01
8.289057198160858775e+01
6.371848935898484001e+01
8.148842990735184344e+01
3.572820186108587848e+01
7.294679566414733074e+01
5.458603140074356475e+01
6.768692006418136486e+01
2.603996601665120636e+01
1.028407279023801379e+01
5.609903389318796840e+00
7.942614354421405665e+01
5.614915909033602048e+01
4.434062225071247099e+01
4.010513771585895171e+01
2.779697522794732123e+01
5.620472314389225232e+01
2.150876508793795949e+01
2.455126423898541788e+01
5.570831476877333444e+01
3.032055809770391264e+01
6.445842953094766870e+01
4.986754816271513135e+01
4.185699967742147365e+00
6.527917524971817897e+01
3.774314055332788342e+01
5.927675957643882754e+01
3.070103675238125618e+01
9.662489702926537305e+00
6.873389891129328078e+01
7.114658166908012049e+01
4.883902256874314673e+01
6.731169772450089184e+00
7.932792529976558171e+01
8.361115192483907776e+01
1.927722663274611747e+01
5.456200305031683406e+00
2.621944124161075251e+01
2.649134447581471008e+01
8.145423722391666388e+01
8.088501069124995979e+01
2.413688171858132492e+01
6.060282454042866362e+00
8.964257710627617826e+01
6.840903582511719705e+00
2.582411585250366315e+01
5.595637055005730787e+01
1.055840038501781386e+01
7.553788558737089431e+01
5.118379108767202013e+01
2.389904205006104476e+01
2.836853681908786484e+01
6.730913198497148642e+01
4.312614543582184723e+01
4.244942203076520570e+01
5.523430417827431427e+01
1.459600976845979936e+01
1.895386789956556939e+01
7.289334901106951747e+01
9.102242169243235370e-01
5.637606676703813235e+01
1.930032895765936019e+01
6.655803927973249756e+01
6.653693910254324351e+01
7.408472938490000104e+01
2.435037886088596437e+01
3.279045702857968791e+01
8.680129305021179675e+01
7.006535431110671652e+01
4.268812244325251015e+01
2.647237142381943187e+01
3.736715399848688435e+01
4.936417675419612294e+01
3.800530553152422897e+01
8.278826781529018319e+01
5.427364770051596565e+01
7.720697520948874626e+01
2.651300982931278583e+01
1.740690823637591933e+01
4.305738805111274559e+01
4.927223361050721451e+01
6.873761225971406930e+01
5.963896039145087258e+01
2.645784961616476494e+01
1.224111847385780116e+01
5.108931284752319613e+01
5.531314406107296833e+01
2.545273340742536661e+01
7.963444265340174688e+00
8.006378448321362029e+00
5.729458208820010867e+01
6.517015504938686377e+01
3.690665650682986865e+01
1.729316853226915995e+01
4.034662656889950938e+01
6.847640659598633306e+01
2.788554136363342906e+01
2.031031901156076813e+01
8.754976844664990665e+01
1.726976046118852537e+01
7.540859716941635327e+01
7.186110363057004236e+01
1.424033573548387821e+01
6.923295527296011187e+01
5.918040094937644113e+01
3.882511900902848367e+00
1.274367773786143054e+01
1.430150551894574740e+01
8.890609769423767261e+01
7.739671665495576747e+01
7.789740157248452590e+01
7.917634964522341079e+01
8.496081746837653270e+01
5.266954441196570258e+01
7.573546255989809595e+01
3.627757383838905447e+00
2.055176899507524979e+01
7.509475687792389920e+01
8.870482001722180598e+00
3.177134998775289532e+01
7.276992454975132318e+01
2.062392581599474184e+01
2.347233774712307053e+01
4.186209149359934401e+01
2.297545042640231117e+01
6.333531222847362585e+00
8.801774390722182773e+01
3.530622702199016061e+01
6.789721896824782732e+01
5.215355825956377345e+01
8.930987702106267534e+01
8.323043780980340500e+01
3.547499477046106620e+01
5.304595200447927539e+01
6.419622208163546873e+01
6.596209788300956234e+01
1.710638088053254791e+01
4.760753292793989289e+01
2.754618166497640530e+01
8.919553237171415105e+01
8.501080438583800358e+00
1.519594105307198362e+01
2.041912949022488988e+01
7.045101885829972765e+00
6.758316275243301163e+01
8.499721498731577185e+01
3.917764534997888859e+01
8.476278156284667631e+00
1.858584924995536980e+01
3.749315861454022070e+00
5.711841214755974505e+01
1.208977007944031712e+01
5.844766460400223629e+00
4.416718091499016730e-01
7.007290103319162711e+01
1.173222514482100642e+01
3.173765208354595302e+01
8.818548269406745987e+01
3.687462214500337510e+00
3.229867538572131735e+01
8.624140050537197055e+01
5.460980987723453950e+01
4.640476896366710946e+01
8.690155063346030317e+01
3.207282006878881475e+01
3.419287277088822918e+01
2.785463891700961270e+01
5.391647343589087882e+01
2.952286158866762023e+01
1.272400224174923089e+01
5.033936970565888203e+01
2.650973348150841602e+01
8.558423062316866492e+01
7.631159248887003343e+01
7.527542320395741449e-01
6.449831693609952765e+01
7.521735348541209731e+00
4.782570879088726201e+01
6.781234201916626603e+01
5.797872566246707748e+01
5.190673750607042081e+01
2.857252782995237794e+01
6.846130831302619413e+01
1.788971679911237445e+01
2.382093882223263748e+01
5.750721681604922253e+01
6.737571136980837139e+01
2.699519256957087165e+01
5.861530227943975291e+01
2.532393126008225792e+01
7.247816717818962218e+01
8.070839169162171345e+01
8.702333795208086542e+01
1.818817537043525334e+01
7.270841551056982155e+01
5.917872549530994775e+01
1.392527340861983198e+01
6.475937390362554780e+00
1.699736948300517980e+01
2.280437010713397328e+01
1.176485530075046348e+01
6.934864245881587408e+01
5.303812035964125471e+01
6.031306070481740278e+01
4.863566316767823139e+01
1.902373888737183094e+01
8.200335511810430944e+01
4.024600129205258270e+01
8.803852551860094877e+01
7.898981868251187421e+00
5.684624346495214553e+01
2.189334010798430441e+01
6.190724225826910754e+01
4.592937837210340035e+01
1.659514729121069365e+01
4.706848542393760226e+01
8.188400794286170026e+01
8.792250567580219922e+01
2.303189946366117269e+01
8.310398125211008846e+01
3.792812361112671482e+01
2.734601962761026783e+01
3.869886308028266342e+01
7.777783637060009880e+01
2.948537430446858565e+01
1.469686585614754470e+01
4.587273156738586977e+01
1.233076405589129676e+00
4.182472757739104452e+01
1.470492251439039322e+01
7.231543930532960474e+01
4.726798961193883031e+01
5.935135070132053414e+01
7.552809366232503407e+01
1.819682401438748443e+01
8.726237308041915242e+01
8.589484093227977013e+00
8.183384713002992328e+01
5.667076913322981824e+01
2.145422231318154616e+01
4.060110074242173539e+01
1.476141832076180993e+00
8.340190332238141480e+01
8.087137287593063206e+01
4.400085311779231034e+01
9.330302480391925002e+00
6.908534648301980496e+01
5.966980460587272717e+01
5.276762071766341222e+01
4.999306304759625164e+01
5.765925403130509608e+01
4.014501403281838776e+01
3.101915920958568940e+00
8.904860149568047234e+01
3.993451559528511297e+01
2.940905300849026460e+01
8.058500764335461497e+01
4.065477851129215026e+01
4.814834323456024379e+01
4.428814724191488494e+01
2.757011349682277057e+01
6.798761436567514238e+01
1.871425177181636101e+01
4.750766358096961994e+01
1.731153800212374971e+00
7.118425602199771163e+01
1.550069257493642549e+00
8.802435992458067915e+01
5.249713773125361627e+01
2.347444772820689707e+01
3.767463281435492473e+00
1.200578381760839797e+01
5.355960641655328658e+01
4.075228799249874356e+01
2.803515271255181318e+01
3.399329439233761718e+01
1.681765609413328377e+01
4.944793550376187596e+01
6.839244318422773006e+01
3.987441828693336277e+01
8.696298270956758003e+00
5.293225809361160827e+01
8.064811198037327244e+01
1.385706839076636321e+01
1.894953977601356598e+01
8.994042751666972890e+01
1.357034202604767437e+01
7.819303439961732494e+00
6.825369664725936047e+01
2.279534832661491706e+01
8.914022460257342573e+01
4.689776588317805306e+00
5.212172006690920512e+01
4.465380655260892695e+01
3.276353061166064862e+01
2.967132488944741198e+01
4.786215467777632426e+01
6.016475125912896971e+01
1.341784220419923912e+01
2.245627613704407111e+01
6.516429561573590945e+01
4.592677112994639543e+01
6.525165810187169768e+01
5.956998334775394710e+01
1.568284666689591100e+00
8.492794151774904776e+01
6.907616756471806241e+01
3.383500849191445070e+01
7.753628591924563551e+00
2.288336617958285757e+01
6.872761880883244601e+01
6.543001275992884302e+01
2.848774351938317650e+01
5.306631188714062830e+01
2.103777793156477571e+01
4.277848660828284721e+01
5.101216860099400208e+01
5.228033596463026811e+01
4.333152305250276015e+01
5.790052915163652614e+00
2.366137959998002316e+01
7.976907325321307951e+01
4.716224523798479140e+01
8.912958185922364862e+01
5.618274043910220428e+01
4.296663052041699871e+01
2.652963475599278453e+01
3.041032239647194046e+01
1.566458482079106496e+01
7.888404284255165066e+01
3.916257360374873286e+01
3.085886013320717769e+00
1.416319324387197298e+01
8.229635219098874188e+00
5.299581327365449823e+01
6.540929507821999778e+01
8.833030878335679859e+01
8.798552462193913470e+01
7.927489068818331930e+01
6.137798225691085463e+01
2.437578308903061242e+01
1.335899416675066398e+01
4.153206815992967904e+01
4.185477372244801586e+01
4.439481367389462640e+00
3.945811442691526594e+01
4.164410730547883688e+00
8.671860199747052889e+01
1.227493749078347740e+01
3.688306572140209028e+01
2.848539457153013998e+01
8.122519512009337461e+01
2.187264320526717043e+01
8.731654863898533847e+01
8.417315208012139749e+01
6.486134397883331815e+01
1.677440433466149017e+01
7.913487135987615773e+01
4.173930022665629735e+01
6.164908075798920351e+01
6.969602610008837473e+01
1.434056249913754755e+01
1.646140966765007718e+01
4.010461303783175424e+01
6.164431349860123532e+01
5.862159073182859892e+00
8.342809532009944462e+01
2.009449110836011343e+01
4.519935151127727124e+01
8.335170027108398472e+01
7.505693549958270694e+01
6.350831754761609105e+00
6.041108701900527223e+01
3.353828123584875698e+01
4.504704538090604871e+01
8.909795384695075882e+01
2.695681462420850494e+01
2.545355433786413357e+01
1.625878463443739719e+01
3.667731375442969721e+01
5.350133320412275850e+01
7.124065425309159139e+01
3.859521437271751410e+01
7.699783128104570551e+01
3.282859580762982432e+01
1.123715011165763933e+01
4.968104969560081230e+01
4.194605173815205035e+01
2.437203728198942798e+01
5.770586463523759591e+01
7.887321115056892040e+01
5.391678656957969906e+01
5.736665891750388369e+01
8.848955482623316016e+01
3.054453146192952318e+01
5.340315211837213383e+01
6.739358467826522769e+01
2.523410532632550662e+00
4.340874739619313694e+00
3.706437179697192619e+01
9.758916665422365355e+00
5.310145721344773762e+01
4.491584836301819905e+01
4.112627481338919466e+01
4.315243413516610360e+01
2.566751946648706095e+01
7.682723425178065213e+01
6.908355483044992695e+00
4.051802724707744829e+00
4.108093644611511763e+01
2.326596851484485740e+01
8.871660322004137900e-01
4.230443274818581045e+01
2.098808298603546874e+01
7.977289850347028732e+01
7.523442453506177685e+00
3.837625555314093617e+01
5.658454190262587957e+01
8.788343139442977758e+01
2.192632269948082424e+01
8.864806468901950609e+01
4.066607304166525694e+01
3.319733051622981179e+01
6.282692869781336675e+00
3.260193558850511408e+01
7.402589001290252213e+01
8.714016871857337776e+01
1.749757215060236248e+01
8.161282564848762888e+01
1.790220779627983561e+01
8.814791545389243765e+01
1.795711980731540258e+00
3.318570282553820050e+01
4.525596236062730782e+01
6.023376063619636511e+01
5.383096264274297482e+01
7.705602290130956433e+00
2.490102082267143047e+01
1.334965434752104940e+01
3.964678956123302100e+01
6.677753114111861521e+01
8.247261187655993808e+01
7.212668816082083367e+01
1.686471815392231832e+01
3.985597928401767120e+01
1.447811366287592527e+01
6.402900820624574862e+01
8.725109323035828979e-02
7.891972315075054212e+01
2.512084899739182831e+01
1.958615799401725255e+01
2.317886991716910572e+01
1.823084164770550331e+01
8.869534826624631307e+01
2.875501539812780116e+00
2.385439767322004201e+01
8.068945251149385456e+01
4.640825933132398973e+01
8.668081819795233400e+01
1.360472463995515469e+01
3.098052886402836847e+01
4.177335425005331615e+01
3.495377945502615091e+01
4.458095708913992539e+00
2.443105718291939965e+01
2.607446106245873452e+01
4.052193331665162646e+01
5.386706035587765484e+01
8.920089505358031090e+01
3.450432333797553497e+01
4.266001411996749226e+01
4.648275244176529952e+01
5.439556236257350719e+01
1.215721434862852313e+01
6.324527274687461897e+01
6.786207992296417046e+01
1.236695744506997308e+01
3.937619029876918830e+01
7.540031724439636207e+01
3.157642457276379133e+01
1.094322542578628443e+01
3.875452249638810542e+01
5.554724657424908685e+01
7.928188789389396618e+01
8.446515028310030004e+01
4.068622669303440631e+01
7.545887831555603498e+01
8.930511785817441250e+01
8.958487768631998449e+01
2.475065329603718922e+01
6.242266318457148344e+01
4.650848275170351087e+01
1.112579887964094993e+01
3.279400190012946581e+00
6.059383067922065180e+01
6.522283151982708205e+01
6.962222192718596148e+01
1.499214488976832804e+01
6.777839130937233847e+01
4.247446099688105647e+01
3.628679580653223269e+01
8.143580280336718147e+01
2.721540466894869326e+01
1.255229872518658363e+00
1.051935964014955793e+01
5.575556158646655547e+01
7.798301376678394092e+01
1.527902971855005632e+01
6.412865106824968109e+01
3.052775568924712690e+00
2.908938210845271044e+01
4.842031934319516040e+01
2.466101946112359045e+01
8.473865771669964886e+01
6.168542216314072846e+01
6.344469510471050455e+01
1.944661774210092986e+01
7.863317853185981221e+01
8.731878343728531888e+01
5.591826124208951398e+01
7.706066946196992262e+01
1.369498444945691773e+01
6.601337674197962713e+01
4.710489790004656641e+01
6.230883482738639145e+01
1.354369366583948242e+01
3.984523754872881085e+01
8.576236515905253555e+01
4.223536680091733331e+01
3.956006384756548044e+01
2.034403799032428140e+01
3.308280483810113282e+01
4.476666139292314739e+01
5.145856832574857265e+01
4.436714822682017001e+01
4.481831971925664959e+01
7.822489434611516401e+01
3.237179875213527236e+00
3.743681929481772386e+01
3.162684594862302490e+01
7.699715371612069248e+01
2.485029676478630378e+01
7.116799474578731122e+01
7.509574557815260221e+01
4.152644060190046815e+01
4.083307214753889980e+01
5.121789198868619764e+01
6.247043699202874478e+01
5.603021218988651242e+01
1.546107771188953350e+01
8.304066123159589097e+01
4.000237912064602597e+01
2.404352868705370128e+01
3.313174544483639750e+01
4.074750244745825256e+01
2.007808514201859396e+01
5.786555784392132296e+01
3.065666256904106746e+01
1.828686070215407966e+01
7.925536100688981733e+00
6.426355262959566517e+01
6.455090427271377962e+01
4.098360642555413591e+01
1.948614686707744781e+01
7.796261896086609511e+01
5.221459544427210631e+01
1.672269383376875496e+01
8.471807001045308994e+01
7.824835767991011437e+01
1.394748869125285751e+01
5.173367159425772854e+01
7.653291560613433830e+01
7.297257816127749663e+01
4.970857824804359382e+01
3.982580494255594061e+01
8.526826321294704769e+01
3.579464335486589022e+01
1.601753350056671010e+01
1.040145241793342024e+01
1.148955329910958589e+01
5.231343782459223490e+01
8.294690487723659089e+01
2.058316820056171892e+01
5.468093421769270890e+01
5.353217707617635313e+01
7.163995631575130574e+01
7.879394618751166490e+01
8.985310299262268074e+01
8.656484923439218448e+01
3.036292026324467486e+00
2.352500437667206512e+00
8.996204276877557504e+01
5.582657145880217087e+01
5.185978080680028768e+01
6.444047352586500210e+01
8.803694331570521570e+01
8.662118804629736246e+01
1.730108671645285146e+00
7.764673660923880050e+01
8.464751676219881560e+00
3.789188990553203240e+01
1.740789124943025357e+01
2.887830851339934313e+01
6.726072346855252704e+01
3.645467652225453747e+01
4.478890844187464637e+01
2.299382315272024080e+00
2.292579004741366688e+01
8.045886345822087549e+01
6.130304643281218802e+01
8.656021948483127915e+01
7.330742449991166154e+01
1.452054713598178104e+01
2.684197052478396017e+01
1.186670497023435722e+01
7.707436857527498830e+01
5.349282261131774874e+01
5.099384090247869494e+01
1.021167355399153998e+01
2.569612577580252832e+01
7.731823622025910936e+01
8.681860448493743831e+01
3.593496414072671286e+01
1.507627356428658771e+01
8.789889732799504429e+01
5.493548349114585960e+01
3.869893693696384673e+01
3.335025407818866938e+01
6.064258585563064230e+01
4.708755041873317282e+01
5.232246511016972335e+01
6.834234288683047964e+01
4.762657247613352496e+01
6.885392332626528855e+01
6.282176564888134607e+01
2.660142139951587836e+01
1.859176182231298569e+01
7.652189870537453942e+01
1.413435813736140645e+01
3.397856776056543993e+01
1.478475992581540499e+00
4.589591157178874425e+01
2.482917497504345405e+01
3.877942908270708955e+01
4.642287087061796313e+01
3.653867197614661677e+01
3.818326710847666305e+01
3.511518815669065763e+00
2.805134629372890842e+01
5.056038129522830360e+01
4.581607468331858257e+01
7.454461593591355495e+01
7.370007368935213243e+00
4.726565746530909706e+01
4.428954861262590637e-01
7.527815690215824418e+01
7.877539639872392740e+01
7.896589782058144635e+01
2.557073632730526569e+01
8.816316078059308836e+01
4.843561808771915622e+01
1.807835994464512552e+01
1.503334831102131908e+01
7.478164178548458096e+01
1.729856572264434433e+01
7.718162216654090457e+01
1.076744378019854231e+01
7.551373185138690758e+01
8.139512980862969016e+01
7.342818579636981724e+01
4.101379486847159228e+01
2.448819590819302228e+00
8.404457890211317306e+01
8.971938062129876812e+01
8.380561933854259848e+01
6.739189549140701274e+01
6.169780957314900860e+01
7.551142641951538792e+01
7.978187297887791374e+01
3.269337588849014509e+01
3.131877729246225073e+01
6.981621100594884410e+01
3.701344799004730390e+01
9.448932927733821430e+00
2.580805885200351923e+01
9.238456512899231754e+00
2.401279922491914931e+01
2.871102339035283535e+01
8.908680239413722290e+01
8.571248691984075663e+01
5.859499779133618347e+01
7.090345295240058476e+01
1.318421500878771369e+01
7.051643137865576705e+01
5.276968487983823053e+01
8.632641373670172413e+01
9.762673445293764019e+00
7.900831717199288562e+00
2.473465743372053893e+01
8.692258181382911175e+00
2.297181894622088549e+01
7.633483768911511902e+01
3.895417630526608832e+01
5.289321070985675277e-01
3.312208361600472273e+01
6.665533187152605876e+01
1.027200826727387373e+01
8.339802165450593918e+01
2.440497901228455291e+01
4.627424503963084135e+01
6.041626219793110408e+01
5.209174459828661696e+01
1.198007108460400971e+01
7.839873509071371149e-01
2.763848728126853160e+01
6.685506346455305504e+01
6.995676608339850588e+01
6.048785134593666868e+01
1.143494097046900926e+01
2.938630115258831310e+01
8.337040246024834289e+00
3.562599052638307029e+01
8.809011767134644799e+01
6.895085267885137625e+01
2.170903042430489904e+01
8.192775181635145998e+01
7.511238743898066161e+01
2.575027513248447519e+01
1.732521091965902871e+00
4.300668417860561732e+01
6.777734989414524591e+01
5.182185508953374864e+01
3.751890585777583453e+01
6.416659257389284221e+01
8.018883957898253811e+01
7.244929869146186974e+00
3.567296911225956535e+01
3.709848448000484211e+01
6.010855483940503774e+01
2.179762437551267240e+01
4.022192624150959972e+01
1.426716691054212838e+01
5.139546350660069862e+01
5.339030817109580340e+01
1.235343259159978402e+01
2.826878841001095566e+01
3.712355683221157676e+01
4.510931272905005329e+01
6.889819596627880571e+01
8.999499518097063344e+01
7.023036385836915940e+01
2.717032679916564675e+01
1.804783949750133898e+00
1.847267632620387090e+01
5.657076140575826173e+01
2.736015338869754743e+01
2.449353641294555928e+01
5.739754367375043742e+00
2.678045956556973195e+01
2.837917780035459359e+01
8.899516264603425952e+01
8.486715993383768364e+01
5.519669481607866857e+01
8.544976883592825700e+00
1.827428331966933772e+00
2.478177028688578076e+01
5.279555509257989598e+01
7.151513797912767245e+01
4.826947312354454311e+01
2.129980948264823581e+01
6.509125191669099308e+01
6.237141112973311152e+01
7.932955599055172513e+01
7.007519048959233032e+01
4.378069066970406986e+00
3.577199777547105697e+01
2.744700817103126766e+01
5.753399845644530330e+01
3.161399183298594906e+01
2.924151777303448441e+01
8.529457313923978745e+01
3.376711794744592510e+01
3.330453381813864855e+00
6.759505826370559589e+01
4.723550028388242339e+01
2.634848315208266101e+01
1.966589683214549922e+01
6.386484355153138637e+01
4.215300607413697520e+01
8.170695471895227513e+01
6.808489520791403038e+01
4.908908601763228319e+01
1.564515689523394038e+01
6.772006339489117011e+01
7.203034187031519764e+01
2.030497109380046439e+01
5.204420850847490243e+01
5.709260571017676256e+01
9.456334283406942376e+00
5.539453939741922994e+01
1.320967976852335468e+01
6.163978002694548763e+01
1.317558425553077583e+01
5.928866992498983279e+01
3.988542562125478241e+01
5.678106037431474107e+01
1.313667981360529424e+01
4.039459684395971806e+01
7.025347423858595164e+01
5.615005629370644513e+00
7.076831088492085087e+01
8.990960141182061705e+01
8.502114051082473623e+01
8.743969155245910940e+01
6.074762146603146107e+01
4.673185080620658738e+01
1.388728524145681398e+01
4.928124442702005581e+01
5.208817684999561237e+01
4.013443482844925114e+01
5.501867187432823414e+01
4.682998725213850122e+01
1.900888784927248665e+01
5.840248522965526234e+01
6.218978466017711071e+01
2.264052313838976715e+01
6.204303725689787541e+01
7.788926675769853603e+01
5.088665427257635798e+01
6.370627802853849886e+01
9.556295896105041265e+00
8.082353746893068092e+01
8.239960619622252125e+01
4.337648486314571272e+01
1.115256637789287275e+01
3.770999168315063432e+00
7.313864257318640227e+01
9.572949197235310237e+00
3.210238392689227993e+01
3.534649344865887599e+01
5.105389331613133663e+01
6.192189101881673707e+01
7.501331141330460639e+01
4.358340706524300145e+01
4.389187886873182265e+01
1.275380607227189422e+01
8.482885699399933799e+01
3.683290530173837141e+01
6.330228778946920443e+01
6.609661159543415465e+01
7.779487029312255686e+01
2.977070364876495034e+01
4.579744347657059933e+01
8.326786120552103654e+00
3.936731486323519391e+01
2.221122275217040354e+01
5.294716382037758962e+01
1.130369163570264668e+01
3.403660478144557544e+01
1.065128683645243335e+01
2.118519976563293383e+00
1.904389416878282049e+01
9.253587293260090441e-01
2.389758003163301225e+01
8.686199861741572192e+01
5.376357735284141626e+01
6.994612262779642720e+01
3.834449293277132398e+01
8.876676076521587788e+01
4.987709299104312066e+01
4.132166665204177036e+01
1.692957647944423627e+01
6.188720416977891148e+01
2.913323513691484834e+01
7.868011437983740564e+01
1.783865415493807305e+01
6.889807718889690236e+00
3.105772889369022849e+01
3.733443895203999219e+00
8.042510017259341737e+01
6.770752013465276775e+00
4.127620654095236929e+00
9.887329077311324266e-01
1.748597855579248517e+01
4.461764648601192107e+01
4.218888312815742836e+01
4.594671565802602231e+01
7.522143923632378915e+01
9.035546748201280565e+00
8.851672465483049734e+01
8.267435261011984338e+00
3.065414389455153454e+01
6.090499651048554064e+00
6.526769155863284766e+01
7.066980411434511211e+01
7.881130247035017078e+01
2.152337659297115025e+01
7.556063671510536039e+01
8.875583687198337657e+01
1.971089379319958113e+01
3.591217708431263844e+01
3.161725406648177739e+01
2.194837029835768760e+01
6.391355514832023488e+01
7.653236222785119480e+01
4.440344885039507972e+01
4.199872546979691634e+01
7.544688266716052283e+01
4.424236702719996117e+01
4.126697315313353265e+00
6.314192148266820936e+01
7.141773127969824486e+01
4.391713995451958397e+01
4.090296849513531185e+01
1.645634272014026012e+00
6.521620174558513838e+01
2.555268855715546295e+01
2.294361998514568768e+01
6.418848318123558272e+01
5.757497329889972804e+01
2.991333244395808499e+00
