4.146247880184622403e+01
4.230705070564561510e+01
8.235526121562536161e+01
8.062124591298760379e+01
7.578967362094624605e+01
6.228844060399424620e+01
1.810691838098427153e+00
6.942387140933524847e+01
5.844211157546473601e+01
6.824176714004066469e+01
6.130816453036623415e+01
7.385815431156179045e+01
6.338615101614001901e+01
8.984814132801051301e+01
6.578073752945108765e+01
3.910229286262244131e+01
7.889136322074961960e+00
1.319817524630210182e+00
3.420159112071029028e+01
3.167587646280058067e+01
1.826353797769258591e+01
6.760272006249414289e+01
1.085066308565361304e+01
5.320296987333375860e+00
7.493640559509392673e+00
1.898366754415170732e+01
7.983555458914973713e+01
3.056124951121150346e+01
7.337799128660050485e+01
2.664578396499533852e+01
6.313005952818548927e+00
7.934704187988275237e+01
6.469035382766836051e+01
3.215748949201125839e+01
6.462363797355708428e+00
3.052529535445702891e+01
4.102317663281773719e+00
7.827861790279612819e+01
3.749616025335834024e+01
8.921123880369872694e+00
2.588911476732782191e+01
3.691418387627169295e+01
4.928346992908388557e+01
6.090647450122082063e+01
4.523809794750317081e+01
7.478447064773050101e+00
1.165854008774058492e+01
6.965407419594961880e+01
4.839057902345668083e+01
7.123424762320533432e+01
6.487302325936408920e+01
4.968071745190105304e+01
7.882961198387197044e+01
6.249873291870864023e+01
1.244725531719724287e+01
8.904412872654505406e+01
6.698799131906814353e+01
3.056399265558994216e+01
3.163870076835918255e+01
6.065836309704869933e+01
5.850042268120678735e+00
4.557215247021608207e+01
5.810181498669996358e+01
4.201451424340370266e+01
7.934168900240946698e+01
2.201072030794404810e+01
6.991677676272668407e+01
4.101024516936204378e+01
1.347131650308984874e+01
1.674827923272143337e+01
3.467569730614712853e+01
8.974233440876642476e+01
3.267969210191253637e+01
4.844633962584651954e+01
3.875244607300742672e+01
6.866234870050961092e+01
1.172339941278051079e+01
1.853686283408051416e-01
9.093706825953614015e+00
3.013770037427131854e+01
5.614766223450168070e+01
2.910249945216570211e+01
7.055427357472144934e+01
1.028580676138794736e+01
5.356249941995936581e+01
6.675920577665392841e+01
7.084653439266358532e+01
6.358833096963960685e+01
8.414627660526770114e+01
1.749887665187625529e+01
7.015744181274007474e+01
2.094750999878731790e+01
2.353036681251211704e+01
8.474088867042334883e+00
6.797269347109023840e+01
6.896456736100356011e+01
8.699147172264008532e+01
2.797997027321541452e+01
2.483235314562871920e+01
1.705071922312638222e+01
9.934855784508648924e+00
8.970932464413752427e+01
7.105617722814105264e+01
4.794639834861341399e+01
9.381652854091603544e+00
4.977747163342878167e+01
7.283861500623670793e+01
2.470623234825323067e+01
9.297173929091325562e+00
8.360731986851835984e+01
8.279183476501535210e+01
4.167325293774723605e+01
8.276636485113824904e+01
1.997156675458349184e+01
2.464953652808447870e+01
7.729802779082265829e+01
2.578162053619396232e+01
6.071351403258454127e+01
6.379362740373451857e+01
7.654718487040931052e+01
3.109853094170280485e+01
6.207038700676637433e+01
2.365784856447758955e+01
6.538364085487906152e+01
7.324722209675882389e+00
2.395841038910360865e+01
7.735073284474796651e+01
8.772340802935993054e+01
3.857767933149100514e+01
8.039000994887310014e+00
5.023364238897700318e+01
1.840795031335944998e+01
6.187896976212888944e+01
2.364202000646489310e+01
2.409516090307554315e+00
4.972929703326364148e+01
4.135211388039090252e+01
4.218152417960637557e+00
4.554034122872436541e+01
2.599690709233447805e+01
3.508546235372099176e+01
8.226842228809252333e+01
3.439867985873188871e+01
6.218992970991095603e+01
4.078831960582967753e+01
5.070358524429933311e+01
4.114338216842293861e+01
7.955628797740298808e+01
6.977868814419872479e+01
8.581301479682541355e+01
5.587314043585291756e+01
8.474166686958774619e+00
9.687475766749878758e+00
1.818186763259216576e+01
8.467222273664384602e+01
6.906171056276320996e+01
5.083113937358445611e+01
6.253111257822585145e+01
1.608685469659767264e+01
6.928393838655786396e+01
9.022946315881668511e+00
4.357638273198866585e+01
1.440471474664093243e+01
7.970330304096282248e+01
3.740844508733525231e+01
8.978514162755179484e+01
3.070366190034111042e+01
6.997601604178323953e+01
2.001597596821474312e+01
4.902276165898042848e+01
2.460555896432615697e+01
5.114419221240371627e+01
4.414007672112395753e+00
6.896000134635224299e+01
4.150506383367414998e+01
1.504538256624779180e+01
3.613205809429505422e+01
4.249823684185008688e+01
6.793691541453819127e+01
7.863776387525221878e+01
8.260856520283692817e+01
2.759249989547537041e+01
8.835576496472661745e+01
5.216434414877858750e+00
7.369837123696376580e+01
3.691977669687315711e+01
2.968291710829213770e+01
6.453656026592453543e+01
6.321752232785426884e+01
7.449378409326590145e+01
8.031636589093442069e+01
6.879928483587832488e+01
4.595419807499753517e+01
5.818708396491845747e+01
3.072805218786659687e+00
6.498102135040501537e+01
7.881891183608389895e+01
4.575045057056650677e+01
8.239626138133820277e+00
3.402267382519993788e+01
7.272188624205062979e+01
3.582708247667818480e+00
5.564139263458564244e+01
2.201887870246349976e+01
6.432010736168130904e+01
3.470907114927026527e+01
6.606796036344587719e+01
5.961935776708314982e+00
7.541647133057779229e+01
8.692200272468984679e+01
1.348149542913626320e+01
3.964822446371420739e+01
8.519883377050162210e+01
4.731619530516890393e+01
5.329765717022688420e+01
8.875592262448503789e+01
2.405759587896758589e+01
5.460038960588416757e+01
2.218849790084489726e+01
3.201688279621150457e+01
7.406621237009414926e+01
2.414229458388781069e+01
1.623223716380542925e+01
5.803466926990644481e+01
5.984683363903285169e+01
7.216783561813937808e+01
3.538828515167455890e+01
2.587232612775801854e+01
6.161659988725605075e+01
1.830755604013110727e+01
3.093352841849335277e+01
5.908890000874932724e+01
7.368321910002428865e+01
7.353615676756572839e+01
4.703104179963528253e+01
7.717284593121499370e+01
7.335487896110925021e+01
3.073337249185961539e+01
1.272712792788745695e+01
3.454621326219580180e+00
2.348411198440143366e+01
4.859234272110675334e+01
3.799005374014922154e+01
6.524803428275723149e+01
5.929806667580825064e+01
6.020879716600997966e+01
7.405842584445389321e+01
6.762617152003038257e+01
5.887889429977556155e+00
1.272418915738692746e+01
5.732603368131443489e+01
7.420605751616434986e+01
8.529532865096980743e+01
7.996101181778321632e+00
8.491031911021339340e+01
4.315370986052166558e+01
4.882040847451234100e+01
6.254546059632984623e+01
7.427609112720824669e+01
3.600991321547017776e+01
1.087514811862017972e+01
3.700158215050782218e+01
7.663580995045968791e+01
3.115101166490022422e+01
4.987218316160769405e+01
3.008011496407230823e+01
1.464127279041783680e+01
1.639800338395829726e+01
1.418906678818588141e+01
7.583871642933628721e+01
1.957619736792120690e+01
1.114061295194880685e+01
8.036227058047091987e+01
8.112425787905689845e+01
1.342144224650072459e+01
9.043974793159192060e+00
7.903498022360328434e+01
7.820805886406279051e-01
6.716545521415122266e+01
8.915321206249367947e+01
5.330607062865553303e+01
6.734713383760235672e+01
7.270803625338700726e+01
7.893558511639336750e+00
2.321581143373982670e+01
5.678852052886266932e+01
3.171451607218645563e+01
2.356627374155191390e+01
3.869171296077432487e+01
4.109673067846861727e+01
5.561362109990830760e+01
4.041526894280753623e+01
1.983749949683175728e+01
3.681365913008179547e+01
3.776143311391935953e+01
4.048031504532585245e+01
8.992791232744218632e+01
2.001649842854637207e+00
3.976658382415560311e+01
3.538941525576539959e+01
7.999076208423461765e+01
2.036284340175723351e+00
6.971802247024092480e+01
4.483887990538309509e+01
7.319016607171802491e+01
8.643076905051664482e+01
1.074449138272449211e+01
4.144403749950097193e+01
7.032970980061288913e+01
5.234694817467160277e+01
6.482403900823720733e+01
7.487604200596256021e+01
2.520146713908284397e+01
1.507813545741404360e+00
4.965167917486206761e+01
4.854283446677038683e+01
1.002539839716830272e+01
7.206523270139220472e+01
2.492815225434936721e+01
2.215455846882427693e+01
2.448141487963583529e+01
5.128947964487332456e+01
6.909447245148953698e+01
8.301398998071395852e+01
8.159112942883535879e+01
3.237807808165425882e+01
4.350651918978281074e+00
3.819469877751770781e+01
8.199338198351071583e+01
5.133359927427547831e+01
1.488890133751621647e+01
7.677737345524165846e+01
7.270723488195491768e+01
1.712813982506746413e+01
4.982934908241588801e+01
3.748666673377947234e+01
2.054593855771594946e+01
8.569490846280342566e+01
4.223838686067464465e+01
7.878643232929603357e+01
5.731937414086608840e+01
3.420991530316075568e+01
8.586387579192260944e+01
6.518362770054061173e+01
5.226093842679213708e+01
2.525104969178405412e+01
6.482961625077338397e+01
2.936576912017453012e+01
1.671810890915200742e+00
7.052632887282676677e+01
6.153559380983266891e+01
7.565666514808374643e+01
5.754137557648936863e+00
1.598942659356068674e+01
1.104364344043526636e+01
5.072888509640356425e+00
1.089305326972744936e+01
1.404319078036445845e+01
1.054530380683154966e+01
4.861300711703975708e+01
2.889149249179321899e+01
4.540231290605197501e+01
1.382017889565524982e+01
4.966425496522146688e+01
5.630221035077173752e+00
1.471121529587767762e+00
3.759407864742053107e+01
8.122661413822152099e+01
7.507526948735777239e+01
1.931572682733417778e+01
7.627062984021668512e+01
7.320827880399088272e+00
1.695194824221582763e+01
4.209859261573559763e+01
2.944468871489807782e+01
1.957691091191929189e+01
8.298099625565349413e+01
4.533359299377148233e+01
8.363321129062721582e+01
8.190646097310559526e+01
5.339993129529076299e+01
3.088468564892967194e+01
3.109623619305001796e+01
8.923624189297720477e+01
2.138305187249821415e+01
6.948533212960008143e+01
4.341030009422404845e+01
1.388270474289115164e+01
5.729525410369961236e+01
1.166433649651655458e+01
1.619274924509397096e+01
3.516144326117076702e+01
6.530453202586515715e+01
5.351841102153558438e+01
3.431661700238523593e+01
6.536770541528932199e+01
7.783459341300357437e+01
7.563186793573636635e+01
3.383924094583950648e+01
8.289147329132131148e+00
5.121094869856339216e+01
2.743743325000074407e+01
2.614656134795529496e+01
1.284720945618698451e+01
2.732680619161437718e+01
5.280709662357676137e+00
4.385834782568633727e+01
8.716178041629491702e+01
8.259474160297412482e+01
5.003801534175003951e+01
3.042960267782579109e+01
7.909644229122771719e+01
8.807459286423436140e+01
1.327655372263709488e+01
2.031219608415545608e+01
4.527717043420189924e+01
6.986126417738454109e+01
6.071748021170201781e+01
5.474668002020631263e+01
1.884515113722159541e+01
5.684826784028112456e+01
3.992369556174175926e+01
4.592888842269982952e+00
8.097209645901072861e+01
5.443182904421546908e+01
5.722771846132472007e+01
4.513852201881469028e+01
3.504972285342321747e+00
8.523186263381933259e+01
5.874804690402050511e+01
7.929028883898548763e+00
5.909727460575906122e+01
6.627733419784456714e+01
6.173224798597414775e+01
5.570949977717529755e+00
8.500952453892527672e+01
7.639494578145918524e+01
2.439493969912110316e+01
6.576394483137676161e+01
6.374502447903641666e+01
7.517782156327527332e+01
8.530744411592773702e+01
6.497382614593453809e+01
8.989847745757191433e+01
1.133727328031696580e+01
4.112535116732978224e+01
4.285975877071687989e+01
5.639911658154075980e+01
7.773856800648658805e+01
8.131065600670417837e+01
8.744757791336839148e+01
7.109930497577882136e+01
7.928442820393284762e+01
1.441261750061129554e+01
5.944574587311274882e+01
8.563325165973998310e+01
5.630262837331467551e+01
4.055400822136921590e+01
2.267342905063247827e+01
5.538126675430452650e+01
2.449535336124595375e+01
3.161522106672216026e+01
2.713997773994049467e+01
5.911068821403087270e+01
5.737718768265581559e+01
6.873047488501777025e+01
7.531535777440663537e+01
7.306776298949215231e+01
7.095654620766387666e+01
1.083929406395228412e+01
6.391612694458338950e+01
6.748414540457764588e+01
2.641951942780768192e+01
3.704509414824845948e+01
7.513858238022163505e+01
8.280034197397990070e+00
8.887628972475144451e+01
5.088433896121100730e+01
1.871836295538517092e+01
6.023674368443423077e+01
5.397056232450880486e+01
5.219474342732208072e+01
4.626289959282976127e+01
5.692258393996958432e+01
5.235645950747812805e+01
7.707837771891369982e+00
7.963451995886833856e+01
2.061236573597379618e+01
1.031799172150016375e+01
3.554309401868009388e+01
1.623491175748333859e+01
7.577668242781473396e+01
8.166359379570593546e+01
3.632234182691846058e+01
6.865039454215734338e+01
7.205700844284542939e+01
6.501451755645405228e+01
7.627843951892737095e+01
8.379878090423707704e+01
1.382801948855513174e+01
6.033780252589105686e+01
6.712546259737833054e+01
5.762341963935360667e+01
1.536205822999597537e+01
4.845445019312450796e+01
5.046467753370163933e+01
8.250966741371446034e-01
1.279841256473785194e+01
8.715641705069022294e+01
7.822326012987824129e+01
5.836373496273652250e+01
3.210862936708261373e+01
6.016833451372320951e+01
5.092681418902715507e+01
1.005739875235440373e+01
6.447267033196611408e+01
2.221664848439800011e+01
4.498275747034812611e+01
2.009298283494339188e+01
7.391284562018097404e+01
1.515632797187154068e+01
6.146117864497754368e+01
4.520259071136510443e+01
4.057410572025725770e+01
1.572245287387925750e+01
5.915670629602478670e+01
8.341234680864587858e+00
4.356058063717529194e+01
8.149420296093094862e+01
8.803578653027804535e+01
7.969133703497440990e+01
3.912679603916072324e+01
8.312593125640749747e+01
5.731851467027623670e+01
7.717387745257882159e+01
4.452494557735266767e+01
4.681704490898329851e+01
2.456446534142754246e+01
5.497806067450569145e+01
1.710658557835974491e+01
4.393655609282656371e+01
3.552304022850164245e+01
7.732454296927798509e+01
2.670113380098467459e+01
8.015459241470381357e+01
7.631592690145971858e+01
4.383939957970001444e+01
4.408200450676424964e+01
6.774997206519147142e+01
6.328255405942580580e+01
7.348393395748213663e+01
8.636890750576614550e+01
4.557358510094709203e+01
5.723378453288616186e+01
9.668572065447239794e+00
1.577420714906182519e+00
6.195048108065770975e+01
1.028669252486563224e+01
7.736931049191568377e+01
4.626966730349772128e+00
8.424343563467506790e-01
2.699036690909987968e+01
4.930129405390279373e+01
7.103622398588638198e-02
5.046192229476606173e+01
6.093759835557904125e+01
4.509822999286846112e+01
6.676200427453154873e+01
6.593904006493092140e+01
2.113898420188104410e+01
1.316768076707298185e+01
1.357622739169263504e+01
8.826696337273543236e+01
5.693480144206853311e+01
6.310434122734834261e+01
1.996078646170623472e+01
1.548583862589382498e+01
7.807240123260956466e+01
7.317220051057788055e+01
4.866873162022189092e+01
4.889647753790389118e+01
2.562312930999909355e+01
4.448210758916145124e+01
7.223725886484608338e+01
2.192804226052335892e+01
1.296529270111564891e+01
1.214237667296850454e+01
8.144035405515026582e+01
8.867656242198097516e+01
1.116665740647491667e+01
4.180073537025873520e+01
5.298133847143604669e+01
5.098569442753817071e+01
1.006941632365771433e+01
2.128981860743791366e+00
5.291842240695746824e+00
6.410498048805516191e+01
8.856951710657705235e+01
2.786682929542966747e+01
2.792358403351485663e+01
1.093792418046616310e+00
5.459308793191327425e+01
5.817070121485656831e-01
4.451482856706635260e+01
5.627218544252409060e+01
1.146952823293236179e+01
8.724458015349124196e+01
7.216465005220315732e+01
6.827947965285976295e+01
8.409656295484498401e+01
1.917655058392238043e+00
7.542115366661813880e+01
8.310336868412325373e+01
3.944320743948756558e+01
3.219575401730108144e+00
2.995541042664578768e+01
5.265114144916104522e+01
4.599239864396800925e+01
3.009246798121694511e+01
1.735999155677109229e+01
8.142954155925613691e+01
1.743041171962496350e+01
5.847324402035199142e+01
3.770370872466978796e+01
6.936836236512567666e+01
8.412062331852501984e+01
6.669954558008079459e+01
6.935971559363029826e+01
5.034029199328305282e+01
2.068712393536253558e+01
1.031839831365547866e+01
8.272045256972177185e+01
6.906279804029583147e+01
6.975612672032268335e+01
5.614863748751734818e+01
3.813128746781727330e+01
6.244094911977362017e+01
6.322509740172574766e+01
9.002130994692723931e+00
2.070737062096642944e+01
6.403965817996625276e+01
6.201457727069433545e+00
6.975515329347800275e+01
5.899208067932227095e+01
9.350404286427378864e+00
8.052543609837827887e+01
7.922135264618516715e+01
1.547788805673731183e+01
6.401305509427663409e+00
1.103059698704513636e+01
6.228525580245538151e+00
6.132683706693803316e+01
5.626317174069445315e+00
5.335990422497766872e+01
1.171193766880034737e+01
3.575639162474200816e+01
4.461887993089316495e+01
2.401413988672643995e+01
3.189231087228088413e+01
4.958936763269265668e+01
6.899780046295543912e+01
3.752978657632510107e+01
4.658724544922722544e+01
5.499374101535324399e+01
2.730522049535900564e+01
4.482894691444911217e+01
9.796611340413708291e+00
4.975892357503133923e+01
7.972479853569441843e+01
1.107815553399644415e+01
8.477832669588264025e+01
4.444647638071542417e+01
5.374603501345892198e+01
5.399607570960892389e+01
5.814404435797401405e+00
8.799721313274712031e+01
4.923290531771549183e+01
4.967096727779130561e+01
5.015204976235025214e+01
1.530980067671922917e+01
3.950743212642757385e+01
4.600773325141083170e-02
4.288485358090314747e+01
2.889376836235101109e+01
4.439609277485290306e+01
6.339010575961667726e-01
2.505374373519805786e+01
2.651318270345400663e+01
4.001219967039613579e+01
6.404341020941586748e+01
6.490616069563320423e+01
6.493979235934268956e+01
4.940791806591018087e+01
3.059259817794718117e+01
7.661704991545460075e+01
3.538029767711644524e+01
3.778416395882855028e+01
6.877327371125950606e+01
8.561672905273695733e+01
3.101569990681176492e+01
2.357019186623833207e+01
6.592212001080845596e+01
1.241175280304980966e+01
1.396092941622016426e+01
8.250078795809878329e+01
3.838495460067613863e+01
2.954678681058685186e+01
1.783462818696231622e+01
3.166716516197789844e+01
8.058218245233862831e+01
5.184684615887590553e+01
7.286376519679046737e+01
3.788900741619021062e+01
6.236358314821374904e+01
8.557682409172481641e+01
4.288973794816965324e+01
3.240939930937259561e+01
8.390088566852935514e+01
7.001266132272678533e+01
3.429715877204426988e+01
1.834140535070665212e+00
7.846881417499885458e+01
3.413631194000520708e+01
4.058525392873806936e+01
5.808305992357910696e+01
4.340846706532701660e+00
7.013331431545758221e+01
1.587750338044875065e+01
6.983752943315879591e-02
7.357488607145849357e+01
5.700432791724826842e+01
5.225620391149691812e+01
6.183034017675876015e+01
8.191368918876136718e+01
4.925501377332541786e+00
2.761222577915197007e+01
8.061016832191369019e+01
4.437188902926840939e+01
8.008671137843091969e+01
3.620023953607961431e+01
2.586618147835219617e+01
1.666322788439989111e+01
4.153318902570397597e+01
4.589239337688118070e+01
6.353817415515609213e+01
6.774533254794764048e+01
8.545034290212174710e+01
4.684744329089819814e+01
5.111840905772267973e+01
4.448764163898703572e+01
5.847478564208469010e+01
3.453241286908864538e+01
1.313142746132377958e+01
7.400327522499753741e+01
9.782323712888560507e+00
2.398633459191140105e+01
4.830556514521687461e+01
6.346128759235838857e+01
1.888362418563512435e+01
6.357976201207686984e+01
7.161707707468860917e+01
8.881364118149051023e+01
7.815455654057272739e+01
1.937715499108399086e+01
7.623263545672513430e+01
3.067578698911625423e+01
6.194609770567499396e+01
5.202219370501079965e+01
4.007858636181550338e+01
9.851759639091357101e+00
1.148473304836150621e-01
5.475863458029506603e+01
8.896598868276727501e+01
6.014736441560181390e+01
1.228338602041932148e+01
6.689723820340137195e+01
4.904337782290419057e+01
4.838487231019728085e+01
3.586597344976924973e+01
8.517595406274784509e+00
6.557322417599151265e+01
1.802952882131868151e+01
1.364979993961632587e+01
3.049579642572513904e+01
7.628109044517316306e+01
2.490733756579784597e+01
5.540811059160795082e+01
6.247190215505930411e+01
8.897727245706084886e+01
7.327868985004840852e+01
4.992975098848038584e+01
5.726526627118383317e+01
4.610684257489441507e+01
3.813062931249541521e+01
3.092674988388709068e+01
8.630665136039166896e+01
6.924965973313953782e+01
1.951739321315535847e+01
5.779150992589713098e+01
1.699628629443519401e+01
1.161367671724294226e+01
8.169843742260648867e+01
6.971956315753091715e-02
3.136746176574121137e+01
3.681024393937139649e+01
5.764487205029581673e+01
5.157806054276059626e+01
1.061488802113893293e+01
5.364296321931101375e+01
6.592595203499672607e+01
5.884156987318507959e+01
1.888785467373137905e+01
8.322054647498119095e+01
2.902784659924470390e+01
4.202470148414331419e+01
7.998758022951788860e+01
5.226248247944914382e+00
5.275342194192017331e+01
6.413162179318719325e+01
6.398423793354792366e+01
1.657371489354645178e+01
1.123692967226410033e+01
6.751784765599339266e+01
8.878262032132229820e+01
4.931200500185605051e+01
1.983371952402344718e+01
1.209446277215534948e+01
6.521278970230599725e+01
3.379779156636208626e+01
7.677885133965460795e+01
2.830722087693230904e+01
8.784785397698117038e+01
6.338020176216814860e+01
6.926118103035672391e+01
6.178130596947371345e+01
1.859342924338841740e+01
2.848533963521544266e+01
8.970338645665705712e+01
7.993036712550680534e+01
8.691973278549272663e+01
8.676279416439859560e+00
9.611613050609621567e+00
2.101573195139712524e+01
1.681803718045552998e+01
3.540746863185924553e+01
7.922197473371005216e+00
7.930341226997684601e+01
2.375184146348501280e+00
2.446442167273103152e+00
8.438265240194668593e+01
5.260716773002503288e+01
3.613630931988348749e+01
8.675905956426383625e+01
2.918725998693541257e+01
3.099078137735983773e+01
4.903803479800787102e+01
8.964481109076794496e+01
6.822020329735318001e+01
7.918035179121615386e+01
3.066949442912421375e+01
4.477529663836387641e+01
3.245051185770351765e+01
7.697162294623447565e+01
4.590863457500923062e+01
3.553151452063478644e+01
4.203541144911790894e+01
1.803300771537885794e+01
2.630038289026701648e+01
2.419896632250503643e+01
2.768003851861618969e+01
8.705916474210877709e+01
3.720008139759179500e+01
7.575089507669352429e+01
9.347621496490484461e+00
7.274670009524379566e+01
1.554154515381301493e+01
6.140427063237552119e+01
2.272326450886848903e+01
6.979754915874789134e+00
7.415583825339678015e+01
1.513271428885841274e+01
8.764060990823201891e+00
6.622359463256168510e+01
5.653328986937625977e+00
5.693425476913146355e+01
8.508462990476337495e+01
2.115497723035288402e+01
2.830580839422895778e+01
5.299298393584410860e+01
2.621234817298280362e+01
6.804152695141240770e+01
4.155939137224128999e+00
7.470192226987214745e+00
2.933797649510826133e+01
3.696162728790655905e+01
6.798027944069019668e+00
8.610365334728032849e+01
4.541834090225248843e+01
3.017749292368012703e+01
7.210196093024870834e+01
1.806879273024049226e+01
3.647240849587775102e+01
5.323567342954048343e+01
8.107532583897993561e+01
1.085312975863434382e+01
1.836400554078463365e+00
1.730002329660206328e+01
8.791545085156352002e+01
4.529351142870564928e+01
6.045502840644889631e+01
4.030061305863338106e+01
5.369652801684529209e+01
9.908815711269372883e+00
3.750792666410210785e+01
7.502159520684033112e+01
5.218680009853219559e+01
6.766828898842851459e+01
4.213264030413522931e+01
5.632154558453376580e+01
4.438266018423325932e+01
5.970605440208559855e+01
7.140511820636390894e+01
5.716727034046196820e+01
2.167606225733285541e+01
4.370702100163209813e+00
6.643054210572742591e+01
4.888251236586989990e+01
5.384378583102157556e+00
4.985888077283129149e+01
3.652959074524031280e+01
3.890487515790691297e+00
6.427968460339251067e+01
3.974540889010786060e+00
3.400659360040496182e+01
5.546101555222753277e+00
7.852957719700296479e+01
7.899630495490511350e+01
8.851602346206833261e+01
5.192884283512849919e+01
7.583625153335615821e+00
6.528351846659057856e+01
3.149135137164022424e+01
5.769984604692388075e+01
6.038950833578846300e+01
6.588356568992624318e+01
4.409996576392318701e+01
7.305628664294020780e+01
5.797901302412703473e+01
3.181488467328597380e+01
2.101067912035763996e+01
3.533565986554180682e+01
4.162864742132764206e+01
8.264006685020294185e+01
4.313783013557353740e+01
2.699596000615937896e+01
2.660708342362680412e+01
4.749665746491566409e+01
1.890553673855831818e+01
2.913452331063999878e+01
6.108212418248337272e+00
8.027649997772284607e+00
5.168973961364642378e+01
2.643912553149404587e+01
8.673601050183407324e+01
8.057309288004632641e-02
2.401805470388777053e+01
7.174624206720689301e+01
9.867272062156494883e+00
5.284434131762213660e+00
8.594384760980078397e+01
6.576997166548761697e+01
8.980492127270002456e+00
1.374314385549305229e+01
2.769321163057255575e+01
2.918569384860713001e+01
1.448712240018116404e+01
7.907866266439734204e+01
2.233498464289651864e+01
1.407559668291105304e+01
1.304422896539401755e+01
7.808962007283354012e+01
4.163393565590983769e+01
2.123271305910075313e+01
6.613979980991290120e+01
4.952105905105523931e+01
4.760578335793641003e+01
6.366096799092006364e+01
5.084474893637030846e+01
5.595592487330702625e+01
8.409265014610987521e+01
3.703984464827766487e+01
6.891024801235829500e+01
7.022056585223509728e+01
4.006765141348112991e+01
4.232957085776042305e+01
6.672499172736503681e+01
6.244418945606375004e+00
2.580457494894590553e+01
3.371011436581553333e+00
4.113774513483031825e+01
7.844012676990607247e+01
4.175632222765088386e+01
1.599431596408360079e+01
5.135238443838832723e+01
4.739629039987998027e+01
5.723503494912795730e+01
8.157424087771006782e+01
4.950798515901813346e+01
6.580941805814137524e+01
6.723544655795922154e+01
8.627037664111222171e+01
7.229034199551885820e+01
3.613729122794259041e+01
1.312949829359401654e+01
5.156200493293862053e+01
3.165667351233501492e+01
6.266610095304436356e+01
4.518864952243632160e+01
6.910989793812616711e+01
5.678646505678239365e+00
5.657821946071889130e+01
5.235386471146012610e+01
1.329870038344892436e+01
3.696352046036153638e+01
