7.848577153227540748e+01
5.710246998720683642e+00
1.450358959332322151e+01
6.344488841453756578e+01
4.586239981786525988e+01
8.500643038285683417e+01
5.700547840436673397e+01
7.337916575808280584e+01
3.888057617549106482e+01
7.116532667909149268e+01
4.121818702225187536e+01
2.826483902861756548e+01
8.617470183548529405e+01
1.003004993435794923e+01
8.173524255337333955e+01
1.324455459180426331e+01
7.732961147429413984e+01
3.304490736708311260e+01
6.174883095480642226e+01
6.046978094138250270e+01
4.844196943991799031e+01
8.839017485604856006e+01
1.283782779908035820e+01
8.167036275859706507e+01
8.678653866438392583e+01
7.593780129252532163e+01
6.884844005160711333e+01
1.019540106726936912e+01
2.475976211022975448e+01
2.670132749492472257e+01
1.227580167495539953e+01
7.977628613415941317e+00
7.799112489223986699e+01
2.094755197792498436e+01
5.154502232266856332e+00
4.199164419896387557e+01
1.851040077901400593e+01
2.309864332989633695e+01
4.911078318911066987e+01
7.259307524551330459e+01
8.482940479372817322e+01
1.672136689791022235e+01
4.779983682138468737e+01
7.609296859418201109e+01
1.730182169871952880e+01
2.209858468164291523e+01
2.439328191524128275e+00
7.289260834945486067e+01
3.062699817203842301e+01
3.676165880174175271e+01
6.702996744442712895e+01
1.250506601781530236e+01
8.259764548873123147e+01
7.046666531638676645e+01
1.887656327016637903e+01
8.002370384126223257e+01
5.370346964326567729e+01
7.977657263255261455e+01
6.903128563517689997e+01
8.883551755487657431e+01
6.818145152474374981e+01
2.757249672202789270e+01
5.318036319728299333e+01
3.942976573664766704e+01
2.783317450651262348e+00
1.792368288843550062e+01
3.830321840645284226e+01
4.079632968867572629e+01
8.020515543751803023e+01
5.137790654342287766e+00
9.359498826565555873e+00
7.601568465744902525e+00
8.726324078854452182e+01
2.189986067460247554e+01
3.117286989711080025e+01
9.647074296825392636e+00
3.722276658871277988e+01
4.021771044809257489e+01
5.223398431545939857e+00
4.673924553390941838e+01
3.557029337675975711e+01
8.452005756987398399e+01
7.666620398888262855e+01
6.973284893434475862e+01
8.740709473310161570e+01
5.528593368162228927e+01
6.764560725904037497e+01
8.125878406138838272e+01
3.504990437815676785e+01
2.920818754623571323e+01
2.278689790662820513e+01
4.502027196798220388e+00
8.365618867968758821e+01
3.134291053231652668e+01
4.767403186473412546e+01
2.582137227410956370e+01
2.955649551541629094e+01
5.516500377105943898e+01
4.682288182102328555e+00
2.803195595603019896e+01
8.035579257757959226e+01
6.314760769948185271e+01
5.327249368416922692e+01
1.805879349719439730e+01
8.977610560925091931e+01
6.976861328274098639e+01
8.967644620566851188e+01
7.776763806991304762e+01
6.389884662358576151e+01
7.155145352188606012e+01
1.837687058797048678e+01
3.561269560093582953e+01
3.753743314108131113e+00
7.927179044813394171e+01
7.598945021386420251e+01
6.235044061340711607e+01
3.832395342807090799e+01
8.955833795997399704e+01
5.873138736157318363e+01
4.573618945590033036e+01
1.669742398055913313e+01
3.277144953650181236e+01
6.640108957152177993e+01
2.894752125376235341e+01
7.702212328420736753e+01
7.944746456472907781e+00
3.829015031652204470e+01
5.516297286257182719e+01
2.967905003032037747e+00
4.853356124122426962e+01
2.031811760428604430e+01
1.986022786422060449e+01
1.286016484045030595e+01
4.974737902271696299e+01
5.117636561423338293e+01
2.149566469923940204e+01
7.412728743762201589e+00
2.067711873519114896e+00
4.456682409015900959e+00
4.001089648234431451e+01
6.186116368093339091e+00
5.972363594289766553e+01
2.793094567613812984e+01
8.634763800270626177e+01
4.084496070319578820e+01
2.266052363869600228e+01
1.212879958775519285e+01
4.420189213595674005e+01
3.892781873135430715e+01
5.188433505934680312e+01
1.946730115755357815e+01
5.567909538768530453e+00
8.164057965749856294e+01
4.467895229160362902e+01
4.665907381972614587e+01
7.022716505305955081e+01
7.925426694384080406e+01
4.377840473559857060e+01
6.369159806074483754e+01
1.963554264164810093e+01
5.649886555661028353e+01
7.435809130687366064e+01
8.306590347122819651e+01
2.294941357210381838e+01
6.103914358190713330e+01
8.204195450223778607e+01
4.464742305556423929e+01
2.642219764353079725e+01
4.047961526832178691e+01
4.311524201362543351e+01
7.387745917471865198e+01
6.070787144046096273e+01
6.627529451414807227e+01
6.194799625208307958e+01
6.835301622653220477e+01
5.121095475842187383e+00
4.424728406535891168e+01
6.097034291503440784e+01
1.468966824654447656e+01
4.406852146088389333e+01
5.773679074555357893e+00
4.042343878417836578e+01
8.576493863302876264e+01
5.565955526480340154e+01
7.016776954317445814e+01
2.993631651074352718e+01
5.867391360588595006e+01
4.680809827254509514e+01
3.018994585024138289e+01
3.888951139287816972e+01
5.311962178209643071e+01
5.612776623658516684e+01
7.783876865341798634e+01
2.408391723438717236e+01
2.811414515321270713e+01
2.129117982675109388e+01
1.435545223337463661e+01
1.156776044220779198e+01
4.626663875317543528e+01
4.040973251965040447e+01
9.176979869783874477e+00
7.512755757174848270e+01
1.764342287280618748e+01
1.608957130615328168e+01
8.138283664449559751e+01
4.598267438707149779e+01
5.412187795358142495e+01
1.932206217499731338e+01
1.773818221211262625e+01
8.121233471534901582e+01
6.239480985473535668e+01
1.086242940886490160e+01
5.548222509364590849e+01
8.368324663731270618e+01
6.862204266613853854e+00
1.716186349386573440e+01
8.180923701368459433e+01
2.237819844193459318e+01
8.310657493885649671e+00
8.588876898777431279e+01
1.510331523104634854e+01
6.522064862695819443e+01
4.437680283665524428e+01
7.200644511566879657e+01
5.432387163860911272e+01
7.660588450659835758e+01
1.750695933326250620e+00
7.079421607328121979e+01
1.890883246580842680e+01
4.296567144489321066e+01
2.989165262751603791e+01
5.863773792410852082e+01
3.426224063121059427e+00
5.890691102993871908e+01
2.544306931078744327e+01
6.139693470924312635e+01
6.782178963440642860e+00
3.334477509676678775e+00
6.346068173354446174e+01
8.779301184025537452e+01
2.323336887058538380e+01
8.752081814901085011e+01
6.382328869266240901e+01
4.760128656165188232e+01
5.789894724591437125e+01
5.333812491746770945e+01
5.880010672580295505e+01
8.644303938361248640e+01
3.515636942435730106e+01
3.941431551292923530e+01
1.626626748240940046e+01
8.591942210750238118e+00
4.317712444258539506e+01
1.439451384686078406e+01
4.027050768623111310e+01
4.706753894364653235e+01
3.197712244126500281e+01
8.219833847622189182e+01
6.567947634356009701e+01
1.369246367700954892e+01
5.850205849086059118e+01
2.054042971535202966e+01
6.132845604415523511e+00
7.322011179487915911e+01
5.303819631045701044e+01
6.220050389099675670e+01
3.115423861890343460e+01
3.580924674920801465e+01
4.661138433089135447e+01
6.482250997997066122e+01
5.385199117177591432e+01
7.287363295190246504e+01
3.260648317822959541e+01
5.282274269622203633e+01
4.881242317954118448e+01
5.441378927780242947e+01
2.479853511255982923e+01
8.011815169421470273e+01
5.566296020908288966e+01
2.100259229727593535e+01
1.303756854595581061e+01
8.094449728834990765e+01
5.767512383912400509e+01
5.244218848751294360e+01
4.544412470091104694e+01
4.825743621793539972e+01
3.309489993155751364e+01
2.199257271676927772e+01
6.559363973153443794e+01
8.646592587248305506e+01
4.412309527981944512e+01
3.216709060233262818e+01
1.993380304525793179e+01
5.485056969945462768e+00
7.466787353041290487e+01
2.443156641207232305e+00
1.384558567205670698e+01
4.327407311411935353e+01
5.990121556002420533e+01
1.072517870755073588e+01
6.584000215957360069e+01
1.688343440608399604e+01
2.202534604782650973e+01
2.690960830866464804e+01
2.008483792054257933e+01
7.752216603496304970e+01
4.243967466689015566e+01
1.543686913935204430e+01
9.142556666515142538e+00
4.377398271624782211e+01
2.878435973727634689e+01
4.936002287169540637e+01
7.594222098522982023e+00
7.735139936284064710e+00
5.787318710668670718e+01
6.234862914842736359e+01
2.986457251287960446e+01
3.864373107141755526e+01
8.359938201415018000e+01
4.764712683623607603e+01
6.265289817375931847e+01
8.844785254518045292e+01
2.004040983062101944e+01
4.194157780599039853e+01
1.546153542544865722e+01
8.681094743644346412e-01
7.503655468538337914e+01
7.257909938478422873e+01
4.930562304649944849e+01
5.447223825906510086e+01
1.815144644955958597e+01
2.850287992346208554e+01
1.731734857030215124e+01
4.854161779401798782e+01
3.875775417669972711e+01
8.345127858055403181e+01
8.416624642806040413e+01
2.623205125009241812e+01
8.028885393592892683e+01
6.281096386430411371e+01
8.691347074095379810e+01
1.562181064092276728e+01
2.822183784215987856e+01
8.096316508267162249e+01
6.420819447895495102e+01
6.861574127937812762e+01
8.087581605562589004e+01
6.611628392510033336e+01
8.994834517951046848e+01
4.606790255257850575e+00
8.946386013491689937e+01
3.071288199997620438e+01
7.272301301088680248e+01
5.507461165145396365e+01
6.416296280343743774e+01
1.868647237065706435e+01
6.895391977552093010e+01
3.258426224703934793e+01
8.715310596530963494e+01
7.491862175479819541e+01
1.264486553754968234e+01
1.004337761258232931e+01
6.409157470494594122e+01
7.276094789098631566e+01
8.248416047311862087e+01
1.499307775100834306e+01
4.602697666918753328e+01
3.772701061167613545e+01
8.571939030472438503e+01
2.085523931920208796e+00
7.830904965229105130e+01
1.864131763439724310e+01
2.596685076024012062e+01
1.864082602645792619e+01
3.046030350322565994e+01
2.750857787498557627e+01
1.273295643960949874e+01
4.550813376143157285e+01
5.727937074099735071e+01
5.929669586355843336e+01
5.696335500608396529e+01
8.732688571262988475e+00
3.378534457981267991e+01
8.773975511178718989e+01
1.004787689712500587e+01
3.848094122165200304e+01
1.392515537294829642e+01
2.340323337421579275e+00
5.769799339456846354e+01
2.571897461992983835e+01
7.657464627724615980e+01
5.205178938766015762e+01
5.101982436663846698e+01
3.101788741854285192e+01
8.425084243069115075e+01
6.148479129789691200e+01
4.244468455552412678e+01
2.125659790368516511e+01
5.591686493692473192e+01
7.990500195037600406e+01
4.305572940058461029e+01
7.309669991096940578e+01
4.955045189335770317e+00
7.920825055454328378e+01
8.681134966148482590e+01
2.827636430287881453e+01
3.733900428012670147e+01
3.410407690197211394e+01
1.145881192772960233e+01
7.404545323616639507e+01
8.606317832661693501e+01
7.088980270796926675e+01
6.768356840549319031e+01
4.195273880121904142e+01
1.436428890852845797e+01
8.131398871710234744e+01
7.151577527262526246e+01
6.997188916568488537e+01
4.491320920027555275e+01
9.623194581604971987e+00
2.681483955831276589e+01
6.628259920980129039e+01
7.063247502299144287e+01
4.472892064504756604e+01
3.030303356765492495e+01
2.079112232554038187e+01
3.626199888923419934e+01
6.064703248927465040e+01
4.590401989055519749e+01
6.327659480548877724e+01
6.870749179415463459e+01
8.765520077504946528e+01
1.772033589395982744e+01
4.034911126874282417e+01
4.817169829321812813e+01
1.932136480643307053e+01
1.858026635013312955e+01
6.974447637001644296e+01
8.061588354388500477e+01
3.841345606625330333e+01
2.831834477682047790e+01
8.045807165455689969e+00
7.835393203305012833e+01
6.394670611874388300e+01
5.262436126980642825e+01
8.278951245204325460e+01
5.604946463225711284e+01
3.017467505764200908e+01
3.494698272451298493e+00
6.223391352339152860e+01
6.087300429596309570e+00
7.510528250301327091e+01
6.393496636758538187e+01
5.083851792818808235e+01
7.804738351488077797e+01
1.864651723436643849e+01
3.455965104851518532e+00
3.856901545978590917e+01
4.023889826442417927e+01
4.357289775378236385e+01
7.950489785948581911e+00
1.115156343490443369e+01
1.267130358741219531e+01
1.544060272169578418e-01
1.164994799991428565e+01
7.653408170665801435e+01
1.739650292312037649e+01
4.004499795584372634e+01
1.381319032130470070e+01
6.493163526504596916e+01
9.066286069370033118e-01
8.393180646972017200e+01
2.750355452071663720e+01
6.097898859066745558e+01
7.598194607133104128e+00
4.080678666471968086e+01
8.467228062964187529e+01
5.173606217349599490e+01
7.856192952026835030e+01
7.508144644463467898e+01
1.532681333404679691e+01
6.617965040405375987e+01
7.295535233977618361e+01
4.976808009403191591e+01
7.323779024066143961e+01
4.694671788380241395e+01
3.877398877084516471e+01
2.303931594410557082e+01
8.581291538162010113e+01
5.104755891738555817e+01
7.912955619049392908e+01
3.675816904849152422e+01
2.835423510393449220e+01
3.693402011472354474e+01
8.766900857456238327e+01
1.331265895319307013e+01
7.189987882063591940e+01
5.463963313256171261e+01
3.468950485534855233e+01
3.682111994906450292e+01
4.809216660787267017e+01
6.433187846089892048e+01
2.185517872577779031e+01
7.697347005624859406e+00
1.886922041423084195e+01
7.232298466077539345e+00
2.530013130861286186e+01
3.969593449367560112e+01
3.117960211041281227e+01
1.469306324250950269e+01
2.082017431289692055e+01
2.607346062603142300e+01
3.123728220866626870e+01
1.939648399919740029e+01
7.300842798891363827e+01
2.314444439422205235e+01
1.823259734848782188e+01
7.810523405195284852e+01
1.107911723318789576e+01
2.641741744551371696e+01
3.214660457276332295e+01
4.090553576770589927e+01
1.591545321390040435e+01
7.650719659483229407e+01
1.408513223616306709e+00
1.566174430918957228e+01
4.476024688838564458e+01
8.547975913876763343e+01
2.856069718770250176e+01
8.360821482738035115e+01
7.194933225939509214e+01
8.013279445478643126e+00
8.498754643513098017e+01
6.454112296014380945e+01
5.744489474275514596e+01
8.807608027831848574e+01
4.351670409048613664e+01
5.533796589972111768e+00
7.265469219796842992e+01
7.859389788573342628e+01
3.863334606847789132e+01
5.363466003131910753e+01
4.321388914372092671e+01
8.784209977279015646e+00
4.132363484672725917e+01
3.147290363157110349e+01
7.904618042922912480e+01
2.162127998628804093e+01
8.696175881545330810e+01
2.710852795978748020e+01
1.828021087166919756e+01
1.839535859278408125e+01
7.803758456498250951e+01
9.532483695208751939e+00
7.768878360394828064e+01
8.820540816902393999e+01
3.314372394231729579e+00
2.338544584954181715e+01
5.678283169361509408e+01
7.368273286245195663e+01
2.607722879142083272e+01
1.922584962307658074e+01
1.705984791660243616e+01
1.446284332101457082e+01
3.753102939481577494e+01
3.413071036473630215e+01
2.495048663450956994e+00
3.853558026238629530e+00
3.653822479712778915e+01
4.392191277210442735e+01
5.984548501937109677e+01
8.556920657376153372e+01
9.088837024369141204e+00
7.379418534232812021e+01
7.132843761227215396e+01
1.489068986859467536e+01
4.958563407562799341e+01
2.253701432613328137e+01
7.747981000696358933e+01
2.267311584294359150e+01
4.835330986532682118e-01
8.173635015783231950e+01
7.278153289515039148e+00
1.958840209028546653e+01
8.017518220845678556e+00
2.589354603641040242e+01
7.859547592878118394e+01
1.781646120538335509e+01
3.550071778065279915e+01
5.704631830649771018e+01
1.848020925686001448e+01
4.895595601071605074e+01
6.712447397788025683e+01
5.363335618690234696e+01
4.267896429244446921e+01
7.693720145233054097e+01
6.725015778272938860e+01
4.817072604307616501e+01
5.283526914708279776e+01
5.596977883423944178e+01
5.500494277209513427e+01
3.836054353088209012e+01
1.016866413524892110e+01
3.428634294660727733e+01
2.928131034781872089e+00
3.223777094254079856e+01
7.485717284902523261e+01
8.328805408314380543e+01
8.433443648951464411e+01
3.794476526801637561e+01
3.156403096503132844e+01
3.729719950309694809e+01
7.269135818304235386e+01
7.521884933800491524e+01
7.631512215450491965e+01
2.828636564295111100e+01
7.519333306617824064e+01
6.621267217081842205e+01
2.207701061712904078e+01
2.870286851101953474e+01
5.354063320710124430e+01
4.873314904232818989e+00
4.908595148198632074e+00
8.069811409387286005e+01
6.006322371674975358e+01
6.106742826085852016e+01
1.739190360596915141e+01
8.801522105165800269e+01
8.601140936844672069e+01
4.431394612748982098e+01
8.955023232140119660e+01
9.377869023986891150e+00
7.781685116541251546e+01
2.594890704015168481e+01
7.511842149423166859e+01
3.037374567942901393e+01
8.158378266940430024e+01
1.966660294018372923e+01
6.970540367413427418e+01
5.713916038399521113e+00
8.411210727242617224e+01
8.467524719153161072e+01
3.001777785038011181e+00
2.544682416822426063e+01
1.095048209572906117e+01
1.120585759789774194e+01
3.043670435228164095e+01
8.100030590422576893e+01
5.105244944598640444e+01
4.147705580902498212e+01
1.893230015298159596e+00
7.973935390267986634e+01
3.400261091924361523e+01
8.084859112718842766e+01
5.595859675032279057e+01
7.277420872027919074e+01
7.684214277398311310e+01
3.394186325456964681e+01
5.260164865155829261e+01
3.492377656625686910e+01
8.636909728649501972e+01
3.054083224074309300e+01
1.198540862002428575e+01
4.554518534575837663e+01
5.079825216778415609e+01
2.476096047433874858e+01
5.449764878463842166e+01
4.326164151161208338e+01
1.238912807888292633e+01
5.575918607314650899e+01
4.119030322604952943e+01
4.100914235431719845e+01
3.425650497684346618e+01
2.963968864445793372e+01
4.717088165481808204e+01
5.796226529994149956e+01
4.210837762933544326e+01
5.470886572472736731e+01
4.016542575937370074e+00
4.550626558240687558e+01
4.371009099635131889e+01
7.371831901779924578e+01
2.402080267696325322e+01
2.195253077635387484e+01
1.258607549107120427e+01
5.334142897945569217e+01
3.641204675404556923e+01
8.824881571924640866e+01
8.755430491257430958e+01
6.217638237324619155e+01
2.568996908368925247e+01
6.039252602099397649e+01
7.445044181138167971e+01
5.861556144560483261e+01
6.661915980929934733e+01
8.642885749142884322e+01
2.800796166871858262e+01
5.776832308783851744e+01
7.066119727118976357e+01
3.946267769500392575e+01
8.542623931423807448e+01
1.486880599214810417e+00
3.723372450226765551e+01
3.721601062349014200e+01
6.733434764522816351e+01
2.561120626357278951e+01
8.559599371862718442e+01
4.220540154583110137e+01
8.761583072460194899e+01
5.838303307804080333e+01
7.536344088470517022e+01
2.721056231916363366e-01
5.488037626446708117e+01
6.415448468727386455e+01
8.893640990084207942e+01
1.762345986158409517e+01
2.110821070871638838e+01
1.596123212297622729e+01
8.691038315209540599e+01
5.923485870918306517e+01
7.080107169825069491e+01
5.327566649175444269e+01
4.055831800690189937e+01
6.669134652963613519e+01
5.917499732321329731e+01
8.224872367595659739e+01
8.717812586714896383e+01
1.134269507355421602e+01
7.708237873565090581e+01
6.368923362713029235e+01
1.183704315227636172e+01
8.048608275999838213e+01
6.672218528739193744e+01
8.455484392157899265e+01
5.184421749232103593e+01
8.879282896078262866e+01
6.525151009543921532e+01
5.898114958880085368e+01
1.363514694084089207e-01
2.990570720745938615e+01
3.646649026006380012e+01
7.207447572838353800e+00
8.337064246493785191e+00
7.288914672288095176e+01
6.292178587029135173e+01
2.967947107600853940e+01
5.730142123551173938e+01
4.942292202337531393e+01
6.757960573732329124e+01
6.036099259418249652e+00
7.956206657149718353e+01
8.600893653345930545e+01
3.305082032640186895e+01
7.261108548071754853e+01
8.372728198299223834e+01
4.322513634111117398e+01
8.916244414344531322e+01
8.035498342274175343e+01
3.265264537339902517e+01
2.083704095597076034e+01
6.942476113941077642e+01
8.875184889617435147e+01
2.135250485098260143e+01
5.599824323579832708e+01
5.976682757582341310e+01
1.405509541815076169e+01
6.782323159045405703e+01
3.680861575159303101e+01
3.979385686813026979e+01
8.960402946062843910e+01
3.824011890798723812e+01
1.494858144875361106e+01
6.313733575238958196e+01
3.860686505723577255e+01
1.664377116298828563e+00
6.187046020713573569e+01
4.958327824783203397e+01
3.815126711958280481e+01
4.909871316160766952e+01
4.836101428607979535e+00
6.591927146393553016e+01
1.494680250792440646e+01
4.106212819357326538e+01
1.832959918298477220e+01
2.591533451462202109e+01
6.932553320211457049e+01
5.795761410544537995e+01
2.553056081392514542e+01
4.909431821000737273e+01
2.084759871458272329e+01
2.214997734911208127e+01
7.131176177690814200e+01
5.086665626066447032e+01
8.747254680107398883e+01
6.013420051698543034e+01
8.075796880375840203e+00
4.379525109217430412e+01
4.624035131643748286e+01
8.423355273446267688e+01
3.191451887960526435e+01
1.287445866227888480e+01
4.671685357645607439e+01
2.124262397688804072e+01
6.659460296767511522e+01
2.404733630375731579e+01
5.553089812338797771e+01
2.189929599658215409e+01
4.128589272774686947e+01
8.792827824489909005e+01
5.718299008611388246e+01
2.872370204741955746e+01
3.375840700182887133e+01
5.553273718160247086e+01
4.696762372065334290e+01
1.890023654710183365e+01
7.368562500168144425e+01
1.755533550909914098e+01
1.931969615055823297e+01
6.298024765378843171e+01
6.211263440313156359e+00
5.788225557347205807e+01
7.264394157005685315e+01
5.054869097802296096e+01
3.461273609431903253e+01
3.509820092804341840e+01
4.242709610227639416e+01
6.404828815787588780e+00
7.402921315162554095e+01
7.139399491773205852e+01
7.280532550591805929e+00
3.005132572728815887e+01
4.435810607021922891e+01
7.853263575599558521e+01
7.674463585426531154e+01
6.853405693177809610e+01
5.144143785702389948e+01
8.477799360633332526e+01
1.769252489200425771e+01
5.374804775436718529e+01
7.768269421746717285e+01
8.998378785554942283e+01
4.185510473002003806e+01
6.835447830869452446e+01
5.533326405954134231e+01
8.009042087753728367e+01
4.572009266046363507e+01
8.509514380397307320e+01
2.415537561229222874e+01
2.992997866961769304e+01
3.587583113242292399e+01
6.378403429040920614e+00
8.015398682140272513e+01
1.617621951126249513e+01
1.555787419122912496e+01
3.988888425420155670e+01
6.152134950167450711e+01
2.794285500202656891e+01
3.228306691070859813e+01
4.872736073233967957e+00
1.709584478805638241e+01
3.654937030732577341e+01
3.135259322135569349e+00
1.605446085383472266e+01
8.643555228737248797e+01
2.930837077574156346e+00
2.774757842273859865e+01
7.048046431513800769e+01
6.250105603594403902e+01
1.756010739665390119e+00
7.852354859247030561e+01
1.594957511264472672e+01
8.344191848795981059e+01
8.124234633084792279e+01
4.238993310464797304e+01
5.353748224235665987e+00
2.033819217442540861e+01
7.201532493802665158e+01
4.217415408287688905e+01
3.754014895508518634e+01
7.449814231130758024e-01
6.154696231074163393e+01
4.291493241042189766e+01
7.361314022941220969e+01
7.204493601104499589e+01
8.205121347938991505e+01
2.220831645614461536e+01
4.673620897422722464e+01
1.821495915087063722e+01
7.768639874127778455e+01
4.272503198582404593e+01
6.884680603048448688e+01
7.279365713705475116e+01
7.947786913322900659e+01
5.789972988204132776e+01
7.145731275605311339e+01
5.729616972987775370e+01
8.744331938665278869e+01
2.811783655766257084e+01
8.644450073117140221e+01
2.890327486787162314e+01
1.291536108762174884e+01
4.982741394214984521e-01
4.053896473124675026e+01
1.487313033286193686e+01
8.402947545023856435e+01
7.022811741386320250e+01
8.440781614896926044e+01
1.385499705381547386e+01
5.038078552553506029e+01
6.789445673180209440e+01
3.200342278419935838e+01
8.412185892812112797e+01
1.977064135535330536e+01
1.785232600772510025e+01
6.038470535860939492e+01
4.707167133878578369e+01
2.864523531431025560e+01
3.419361108357902168e+01
8.887013435640806591e+00
7.354762946402890122e+01
7.245486092346560270e+01
5.830462256083271200e+01
4.103232394230572311e+01
1.052845391253646312e+01
1.943637738445793417e+01
4.112357441539278113e+01
6.116889550236070949e-01
8.535024193710415830e+01
4.834867600998371984e+01
4.777716544491255490e+01
7.141323126525506382e+01
8.589241496802381448e+01
7.116488484714621165e+01
7.948511453173564689e+01
4.626382436799357833e+01
8.650223688712677017e+01
3.474281513125183096e+01
4.296315625977720210e+00
8.848278565056340028e+01
3.816700195703167431e+00
8.308713949237835550e+01
6.343760973329415265e+01
6.395211426013698741e+01
4.955512919550560724e+01
4.156470604190165119e+00
6.516280572894862644e+01
3.594314903117524551e+01
5.253181034407268157e+01
4.432548351282503063e+01
8.200565876460380821e+01
6.159030464885284317e+01
6.853189632879082183e+01
2.975605996526634378e+00
6.020116339742164513e+01
1.689234160538421037e+01
2.161768706630531867e+01
1.227488347733848073e+01
4.469597549141333559e+01
7.635791650635724181e+01
4.458975838254042401e+01
8.078393856123332739e+01
8.539498164482034781e+01
5.887130365846515900e+01
1.661342345242646701e+01
8.738016432404447187e+01
1.647633173088477676e+01
6.291144223803886604e+00
1.094018505855020074e+01
1.401928034852603844e+01
2.968356463398815137e+01
2.092582187574667429e+01
3.302802894463052752e+01
1.581662443003362739e+01
7.880999588876051121e+01
5.103101264059303332e+01
8.277090497187752760e+01
5.267656929980486069e+00
3.683158219600397842e+01
3.346257207887090601e+01
1.645404506733497385e+01
3.740563801760620777e+01
5.364688909615647816e+01
2.741269724004648367e+01
7.128669993055613929e+01
3.749777629095170539e+01
7.156845910879786743e+01
5.747944821278017713e+01
2.336874050242928824e+00
4.525164485802913106e+01
9.363111093993492506e-01
8.784027409002204934e+01
2.143393782694994343e+01
3.252670399940948442e+01
2.421976460916897977e+01
5.415990613298291123e+01
7.855210127470348880e+01
5.113973272818311955e+01
7.673163491425715677e+01
1.520639611653495038e+01
1.776341847441760891e+01
8.247506371365804512e+01
2.226083827696558970e+01
6.354267815786510454e+01
1.210454804150014141e+01
2.882408186781497150e+01
6.068155302539951634e+01
5.497444167431653739e+01
3.926232993052998665e+01
5.004408059634477013e+01
2.682673599584921931e+01
1.673615003367960874e+00
7.406431546603738703e+00
2.273143367696797146e+00
5.959649499891040136e+01
5.422627772015122360e+01
2.751480298742273689e+01
3.953585410513435505e+01
4.977576224383732750e+01
3.691882151156621461e+01
4.089557765652553911e+01
6.084830656434514395e+01
9.371382895194550144e+00
2.560060337084282267e+01
8.015592779200633800e+01
