4.372496940048596770e+01
1.921839446089201076e+01
6.745414386479353652e+01
8.154824715397104740e+00
7.205353634910844107e+01
2.777018475692979749e+01
8.110687697598156376e+01
4.144043332829648563e+01
2.809605682148394834e+01
9.539946985887969078e+00
5.002408804033387923e+01
1.928676669257914966e+01
5.547624761797283810e+01
2.766186824932131572e+01
7.977601517037246026e+01
7.886182815879938524e-02
6.184126017667490061e+01
3.038248088650071566e+00
8.585741137611371698e+01
5.431775317924541469e+01
7.164712656119050393e+01
1.777757858765204446e+01
5.238911914309524320e+01
4.527724003911919937e+01
4.767408886258244394e+01
4.084977993137140118e+01
7.727814981468411304e+01
8.158640031104202706e+01
3.131707784163302932e+01
9.115638439169472917e+00
8.949768297269626771e+01
1.144516384633443851e+00
8.174033156839081471e+01
9.981155402607841509e+00
7.018285004378940428e+00
1.530979424985206006e+00
5.300904302751457209e+01
1.020392336253422849e+00
7.995665639619879528e+01
2.861301327908823922e+01
7.075391385942874933e+01
6.532484556619657212e+01
8.782422832076861141e+01
2.691046099754855803e+01
4.677504830732901908e+00
3.103160585850393005e+01
4.557169593235648364e+01
8.856441140340419338e+01
1.188532456933853965e+01
5.815586822373702347e+01
4.876601328694179927e+01
4.309295615225134668e+01
7.353083239277540883e+01
6.197737752217355478e+01
3.927909394038097446e+01
6.281033426305404532e+01
4.439573239924290959e+01
5.883681565964270987e+01
7.908000603551127483e+01
8.492558938826826420e+01
9.692548832839879225e+00
5.987935036965428992e+01
3.136680545640178508e+01
1.593925497012787318e+01
5.145892300887209814e+01
1.891409459727135456e+01
6.544721733965836563e+01
6.601291807130877487e+01
7.260716455728929475e+01
8.129020699630470403e+01
1.995329021411194148e+01
3.565180854426250789e+01
4.956495722026721396e+00
7.797722614623964432e+01
8.800473821194844959e+01
7.637775369816054649e+01
5.593400081334225149e+01
1.661699724492308050e+01
4.711839699158382189e+01
4.336615203456700129e+01
3.425644741112085967e+01
6.821696314080926982e+01
3.045159430670294043e+01
7.379091498885748024e+01
3.305020310773246450e+01
2.700499008861145711e+01
5.934418996432503945e+01
2.224714514553881983e+01
4.123781954706687713e+01
2.386045882574251564e+01
1.046189352505806980e+01
3.025854657557337646e+01
8.021565353404660925e+01
5.244957029323210662e+01
7.092440026531919273e+01
1.947369012544870159e+01
7.608294982000870732e+01
5.292174873537273783e+01
3.563514463367287988e+01
6.728002740917365543e+01
6.233253668303539996e+01
5.986484782321318932e+01
2.992253048763821965e+01
5.343303514160847101e+01
4.391830739036663545e+01
6.948944744653690009e+01
4.553064823476542244e+01
2.151744056424331220e+01
5.029258568207626467e+01
3.966102203986947217e+01
7.742269270800274228e+01
7.198922078537917102e-01
5.135004894696209732e+01
2.801224315872480375e+01
7.934204142943362115e+01
3.179393107032483812e+01
3.706573672825472698e+01
2.676018153332489291e+01
5.929894366658648863e+01
5.486703398917495633e+01
2.073538601084826283e+01
1.012793666534708237e+01
7.791545047921626121e+01
2.577300676179990901e+01
1.828873522627127812e+01
3.139144788692197352e+01
1.553285817255013690e+01
8.403115190017591374e+01
8.544249898989359338e+01
2.074530293885231913e+00
6.392243794978364235e+01
4.738917553745167055e+01
8.034404972770768438e+01
8.774661536625326619e+01
4.601397573516990036e+01
3.768640740139895939e+01
4.275708500697511028e+01
3.971418513822884933e+01
7.892845649827179955e+01
4.061327985253939232e+01
4.526195753815875378e+01
3.274463179849853134e+01
4.135720946942812759e+01
1.801887619046491551e+01
5.766781562642601955e+01
4.570144798014353427e+01
7.348855595403968266e+01
3.677624727211122746e+01
5.895453212170794188e+01
1.227794829497151063e+01
8.033449724562042604e+01
4.635188232780813422e+01
1.728173315716160374e+01
2.176397006450762817e+01
5.801081064225535933e+00
5.765842389707680837e+01
3.158375626609211295e+01
4.041852365466853314e+01
2.274379663979849298e+01
5.367905674685169970e+01
8.989570790653098697e+01
1.437199783382259177e+01
7.572937004555085139e+01
7.167133265162934919e+00
7.891097089706461531e+01
1.719592264560015904e+00
5.047483310707465698e+00
4.630642564364113589e+00
1.553118204623196696e+01
3.319399150427046408e+01
3.543269805153628216e+00
8.012307891538469562e+01
2.826666249839866651e+01
1.588110404499165540e+01
8.897987014690342278e+01
5.732803386009736357e+01
6.234713105602531868e+01
5.016231673548168857e+01
1.271178180561748405e+01
2.642531304426508498e+01
2.072412687505672579e+01
1.356740455175453697e+01
6.208443278144266486e+01
2.123559344490246659e+01
6.702624234252292013e+01
4.602026782671458704e+01
6.259349740834921505e+01
5.536669759490699505e+01
6.671526517299326997e+01
6.492540761978747810e+01
5.971827388303065476e+01
8.377902579662432903e-01
3.684875438306328022e+01
1.931862764817880773e+01
4.485955438260516814e+01
4.906205424982193364e+01
5.714797527067767646e+01
6.295881145034353210e+01
1.346949696341303948e+01
3.349284390255167665e+01
1.618133915819000279e+01
2.222152353503651412e+01
5.042091574239366025e+01
4.070972206040486441e+01
4.339090686130213648e+00
5.175768385291560492e+01
1.992690334391469520e+01
1.210134284250246672e+01
5.125914470624087116e+00
1.410724011906503250e+01
5.478785789252467708e+01
3.846191433845482521e+01
6.694633140019911366e+01
5.375048633642779805e+01
5.030096717116954608e+00
3.877089672841411527e+01
2.464527564113894798e+01
8.658752531396864072e+01
1.104638986011371493e+01
6.535350417208154283e+01
8.661368787803455405e+01
2.428124437583526429e+01
4.242856029462287637e+01
6.110711705370682267e+01
1.045756951916775712e+01
1.588671317374585357e+01
5.730710608093190928e+01
3.221781299333303394e+01
6.637633766064659824e+01
8.980077514225547475e+01
5.257508441129201060e+01
2.440706508378735151e+01
7.599774711356303669e+01
4.596494346334581138e+01
8.125993137549225764e+01
5.499940845329510353e+01
4.546665985010111655e+01
2.862289316023902686e-01
1.083717478362132880e+01
7.719695510730815613e+01
4.463727565458194135e+01
2.764820302919310180e+01
2.857413962708395871e+01
2.403471747033931649e+01
5.847371232464850266e+01
5.669956117344313640e+01
6.876679513399960797e+01
2.591566628668203620e+01
4.167783502935361639e+01
7.196016114036747524e+01
1.402407639676405182e+01
1.811056739152508044e+01
8.976847898384690438e+01
5.023002103202102830e+01
2.489371357708548160e+01
8.242731882467882087e+01
1.109325337566423997e+01
3.296661538650079493e+00
8.064438401915049326e+01
8.337456032614630885e+01
6.481636371140075426e+01
7.745142514024136915e+01
2.355484203998119241e+01
8.894338276521814635e+01
8.710947010057134321e+01
4.836611746022457226e+01
4.062588643334123617e+01
7.559282749865032258e+01
7.242888948309305874e+01
4.291443427033292579e+01
6.007226650118803946e+01
2.414862640720816955e+01
3.476643015258819958e+01
5.920312816620887730e+01
8.112003079103850212e+01
8.589392397995638362e+01
3.447177049533033255e+01
7.523144190665908582e+01
4.411799685387553893e+01
6.145659365383004058e+01
2.498222634362661410e+01
5.456803254415999760e+01
3.419839882745466753e+01
8.721551633415954186e+00
1.776148853137829065e+01
1.129824804385450143e+01
6.651806431843112932e+01
5.584250718381248646e+01
8.342829947523520673e+01
8.931964015210579078e+01
8.972825518978847015e+01
4.982156487668690659e+01
1.646752723696019416e+01
8.307873841309003637e+01
5.448673819420081088e+01
2.271512082148388600e+01
3.100289330369234975e+01
6.465577201723307610e+01
3.010529593663434156e+01
3.454691156760887338e+01
2.254251846627849432e+01
5.157940321539626893e+01
5.728070237048252800e+00
2.202004327535164663e+01
7.790989795366955661e+01
4.480483677066508363e+01
5.963171889394813796e+00
8.473654568953718069e+01
4.060657706948877177e+01
4.677754901683573507e+01
3.367399959793638686e+01
3.854351271584716443e+01
3.413185127165156985e+01
8.957408694208491795e+01
4.523592808838127866e+01
7.152791021244054548e+01
8.638802354978571429e+01
3.968535121442109670e+01
3.432764910103235678e+01
8.205555674588703141e+01
1.525591704114752822e+01
7.568303514382029107e+01
7.132119877652216644e+01
3.194137180153492039e+01
3.605019477921867121e+01
6.398936817932184340e+01
3.098548830414986810e+01
4.434086651804013712e+01
2.951977499920698733e+01
2.497590052913190917e+00
2.903500203105211241e+01
2.405651664919778554e+01
6.432885756224261797e+01
8.817816053603651483e+01
8.815090511318561539e+01
3.518194560369231283e+01
9.443846444024484033e-01
6.657778505280981562e+01
6.609670369030799009e+01
7.029004601674536445e+00
5.424088825092925248e+01
3.510970336556114546e+01
3.867774248535805981e+01
8.244909140788562851e+00
8.290307561617147769e+01
1.106646448208832467e+01
3.338202369557697580e+01
5.993972802291904856e+01
3.321786616685039206e+01
5.361695763189410968e+01
7.777450650481452499e+01
7.444236763415752023e+01
8.002544833967851901e+01
9.551239193292223817e+00
8.547950971773782669e+01
8.170574961925697721e+01
6.328185824038548901e+01
4.206696178637095329e+00
7.372078045608404295e+01
2.352153280239389943e+01
7.819402464389938245e+01
8.130722746322231842e+01
7.281077393993517433e+01
4.794546789775416329e+01
8.036417461597197942e+00
1.395078412217045649e+00
8.112185224265459738e+01
2.492328938407518990e+01
3.998699230179139974e+00
1.348965771145010351e+01
3.219387705444486869e+01
2.102038499766998925e+01
4.947238427856927245e+01
6.037043434362613681e+01
3.771489148522951496e+01
4.721606481453216730e+01
7.357781342631264465e+01
8.588054215670477731e+01
8.141604627400911909e+01
2.595567595947326822e+01
9.406020173853617550e+00
3.788786002236152939e+01
6.718008372944147766e+01
5.687473957265174107e+01
4.333377851105013612e-01
2.507663772374401034e+01
8.999035307040618648e+01
3.892586934674653065e+01
4.775815097948209598e+01
6.536997234094505060e+00
9.928837625681188328e+00
4.224557630099240413e+01
3.998989718416416395e+01
8.284563259234582233e+01
3.486398893599281479e+01
5.748174039977575234e+01
1.222497647896398298e+01
1.566838674264526432e+01
3.681592350095380084e+01
7.164890557305024288e+01
7.014061447855026188e+01
6.319981617018656550e+01
3.016423363488910425e+01
3.322845352916073125e+01
2.441785675547634327e+01
5.161647606396600452e+01
2.995643875340308426e+01
2.182669342167200455e+01
6.839625849024726278e+01
2.771183543607320665e+00
8.611803544524167364e+01
7.776850297356745045e+01
6.811193182027469106e+01
2.993175506376465123e+00
3.847274696369842673e+01
7.732306946456697005e+01
5.827735826980223521e+01
4.497438103801653142e+01
4.813282113450280519e+01
6.311202903948097287e+01
8.625351257282062534e+01
3.319880795352948866e+01
7.950468068769048102e+01
1.328476279214932987e+01
4.643020952225140263e+01
7.928774551027640882e+01
4.869772943500375817e+01
6.010570509358922209e+01
6.971238914568723999e+01
2.947033915469525667e+01
4.513003065781509093e+01
7.247420300846840746e+00
2.714456060757251166e+01
7.199921542168657140e+01
3.442998989688933165e+01
2.345932858450774106e+01
7.076975231409990386e+01
6.426642198388891813e+01
2.316799759243188461e+01
4.077380394286877419e+01
1.414215089243426959e+01
4.413305463516611837e+01
7.088903274606010996e+01
2.620567739219323045e+01
3.752260065983336546e+01
4.705844155562213871e+01
6.798150346805407196e+01
6.475668903808946197e+01
3.604361593961691312e+01
3.701781357024167818e+01
8.841767382618124316e+01
7.290678307109348566e+01
1.997377667053340744e+01
8.002566849016012895e+01
4.725716224479732830e+01
3.765354715199048741e+01
2.996171795907352831e+00
5.400854178852029008e+01
1.775702160509816352e+01
2.394618494647565399e+01
5.131959093139795414e+01
5.477302845979006918e+01
7.957922661452232660e+01
4.166975851128202635e+01
8.744763770600863495e+01
6.445856836083082442e+01
6.473971605544936381e+01
1.864358083468167493e+01
6.640280612241991776e+01
4.821390830458513221e+01
9.693990550710168463e+00
5.260203377425517601e+01
8.961541146750342079e+01
5.933459756658591289e+01
3.802507635884154524e+01
1.573156018109805743e+01
1.087520045681163161e+01
8.449117706009602102e+01
5.868865951265597403e+00
1.307868883105835778e+01
7.061091910515618508e+01
6.933144414679813394e+01
7.461267166179105459e+01
3.138667501704475882e+01
6.166227004806250278e+01
2.664678224324637057e+01
6.040272329317555489e+01
5.620869198057776295e-01
3.330878646862938552e+01
1.546818505693592094e+01
4.008442571822676115e+01
6.860273746548426033e+00
2.133799916934219709e+01
4.251693052663267025e+01
3.629359221811802172e+01
3.437808767186260894e+01
5.656519762371937077e+01
3.809158865181385778e+01
1.906667748376879956e+01
6.422010737594138874e+00
7.734645310717918676e+01
8.598839623887559469e+01
4.566151537364083879e+01
2.992621728881962540e+01
6.118268125545977654e+00
6.825687605208013053e+01
5.699841098565328679e+01
2.003546306729155901e+01
4.495792736174616522e+01
2.393674279280614670e+01
1.381209067896619302e+01
2.652255870900433266e+01
9.693183294461659827e+00
2.769701114901887351e+01
1.360459303974813317e+01
2.226072714729105684e+01
4.928151074936288012e+01
2.240234977279690121e+00
7.569466796064691039e+01
2.213915961623527195e+01
5.277453862825272779e+01
8.032326159532172483e+01
8.021369183470170583e+01
5.026840434187619167e+01
2.907553494580569264e+01
4.591342793456995253e+01
6.671968922105477873e+01
5.298940395362897959e+01
8.134322414961077641e+01
4.807056500567821189e+00
3.621319765135476132e+01
5.359625684726524497e+01
3.500858585077689611e+01
6.922523550857219732e+01
8.449561185577738343e+01
6.552436693925960753e+01
3.343097635041728921e+01
3.250720075856034441e+01
6.892484410181424437e+01
4.013973047988319109e+01
6.498645543350768605e+00
1.374037780413807930e+01
1.041365013568887576e+01
7.485380647886502459e+01
8.983895494189692954e+01
2.604548141485526358e+01
7.333264859630244814e+01
8.280494458564793092e+01
6.014917288946374896e+01
1.801183788044423295e+01
8.803536664083125629e+01
6.780773835977739417e+00
1.980285937186166478e+01
7.798105656240836936e+01
5.691194432598530284e+01
6.408248374895657662e+01
8.587606737774348176e+01
6.591724536276419144e+01
3.581905632168707143e+01
5.742167060579047799e+00
1.551192948304385943e+01
9.075122644214703271e+00
1.545106826482358819e+01
5.764786055406426968e+00
1.972965868850269544e+01
3.234543146674088376e+01
5.016836828927247893e+01
3.645777444012566804e+01
2.599507089320819730e+01
2.255282808166301223e+01
8.382597703005475864e+01
2.494822054189883431e+01
8.812093912060419143e+01
8.814665580086658281e+01
8.899804562773570638e+01
8.468272930340630467e+01
5.439437339227379198e+01
7.817604344172224273e+01
5.835868909954509576e+01
3.867373958510984266e+01
7.088595161021954993e+01
6.353003033196227278e+00
3.784156155145794287e+01
7.979388008635262963e+01
2.421738113112618507e+01
3.565035456722576868e+01
5.858194046757201079e+01
5.766506258788990635e+01
6.147145914756579543e+01
2.056842912224684028e+01
8.052455279300991364e+00
7.284165655817167817e+01
4.796166778672200337e+01
2.145677251098610583e+01
7.541997451919910134e+01
2.649199591793184894e+01
7.465968374004516761e+01
6.965112908102821621e+01
4.164620559212014683e+01
5.703719589756162378e+01
8.672189043805146014e+01
5.642067831017288171e+01
7.729458312575675905e+01
8.456595627427248019e+01
2.068909766388062010e+01
3.973700297928274239e+01
8.486819840954102290e+01
5.578460787359252748e+01
1.494455722985035173e+01
8.826008748403384629e+01
4.959131660175275513e-01
5.333135949792317376e+01
4.769135227440817459e+01
5.749470840787157755e+01
2.665797471310558464e+01
4.013662056391554245e+01
1.008015002196591858e+01
4.709267742506447263e+01
1.201140299988987792e+01
3.289586562493786204e+01
5.461559196116849080e+01
5.357221394321371832e+01
4.218020618855945969e+01
2.791349038747303890e+00
3.070273727194085467e+01
7.394775352764591503e+01
8.564077972777620573e+01
5.763352568261592523e+01
5.979494422453577585e+01
3.377701719310071127e+01
8.898377727623949340e+01
5.109577188056785246e+01
2.524788622075041644e+01
6.711061627150226627e+01
8.665550447517327370e+01
3.507035371103008714e+01
5.116225737207322766e+01
3.046792403652628067e+01
1.951881681088228149e+01
5.979354072955346311e+01
1.833839524877234339e+00
6.744761310008236421e+01
7.911984882768025784e+01
6.373842239619930794e+00
4.332321777171534904e+01
6.357612382306847110e+01
3.948182125174989920e+01
5.473350294704352592e+01
1.571630188633065472e+01
6.789462231405352988e+00
6.431718037681703493e+01
2.959821775781042064e+01
5.130538277434438044e+01
1.882125628188297384e+01
7.667733984359470867e+01
6.048458930405872991e+01
4.843843364828080666e+01
1.823234429845579285e+01
2.856273793209611256e+01
6.182860346790218387e+01
6.038732738450880788e+01
4.583280228403334178e+01
5.555020078361330604e+01
7.269122886126244509e+01
1.303098194395037090e+01
4.542799855892539540e+01
8.219084511754640232e+01
8.548588707288789124e+01
1.112889748329974715e+01
2.011144609865897159e+00
7.998377104630604606e+01
5.613676066563074585e+01
8.747875805788140724e+01
3.396582650148142335e+01
1.924751611071173940e+01
2.794379230648737433e+01
7.152546861184320903e+01
4.059790134902800673e+01
5.194383806891143962e+01
3.095537078651238971e+01
7.757634550095312420e+01
8.133053813525305031e+01
2.403295962742872405e+01
3.580563817458534714e+01
2.177144491065975629e+00
4.185098175663110709e+01
4.332206379723965028e+01
6.596207456162730409e+01
1.040130897083878736e+01
2.475417394563687168e+01
7.260845022072223287e+01
6.321370586932374636e+01
4.180753655686176273e+01
7.958641510431142763e+00
4.325781910945687869e+00
4.254172769585566272e+01
2.258263334784435727e+01
2.764631830361172771e+00
5.070859407217479031e+01
5.375964450982745291e+01
8.945720593133478360e+01
1.019966519278686157e+01
7.983244104236159444e+01
8.379865123657083359e+01
4.111453631042989088e+01
5.532978086585730892e+01
2.454847946923074531e+01
5.404081834143918428e+01
7.203885726745245677e+01
8.269689699855597098e+01
7.201451528579282524e+01
8.906788053410171813e+01
4.487531132174220261e+01
2.421158283029741298e+01
8.005336123527526127e+01
6.348898788914979718e+01
7.924310131250555855e+01
2.016983687303200057e+01
1.011240007443598898e+01
3.923030834154938162e+01
2.128118739764427048e+01
5.091563756634704063e+00
7.385780057418085676e+01
6.348840348187324878e+01
8.732964558695366009e+01
5.882522185166110518e+01
7.746950439815356049e+01
8.679806930239695362e+01
2.588841989556058465e+01
6.343157646452528553e+01
7.884589868118335687e+01
8.260171915992826541e+01
5.454564236973428848e+01
2.251272464817722252e+01
3.023490970379774012e+01
6.054152060448925177e+00
2.332716530793859988e+01
2.353702187720895367e+01
3.669299318542928745e+01
3.169233697563318408e+00
6.711059093179935076e+01
4.221338208945815751e+01
2.240998351770383223e+01
4.079852890089017592e+01
7.448421153648687731e-01
3.066714775055555897e+00
1.550914655620594473e+01
8.844871231469413431e+01
5.207302096788706791e+01
6.827303899081279326e+01
2.450004076088320382e+00
7.659191165054843964e+01
1.313376653598344390e+01
2.993404242074247890e+01
8.624387580631450589e+01
6.029693576416902090e+01
6.644941781892212518e+00
3.578654191100410742e+01
2.773325398477407333e+01
6.160672759063146042e-01
1.154089288049050488e+01
2.297150041899864714e-01
5.057229340056939293e+01
4.597460938931084229e+01
5.963320406488896452e+01
1.503943532448266396e+01
2.593492220103136248e+01
1.825027950101321039e+01
3.130909578833058404e+01
4.464749587770229766e+01
6.889391887826282357e+01
4.422109069518649349e+00
3.087859385867929163e+01
3.515920153919892499e+01
2.581218117019933800e+01
5.130993235885661363e+01
6.376732554669982278e+01
2.673150152081821318e+01
5.976598673564914321e+01
1.917517424779363466e+01
3.907540437467351069e+01
4.493996431947527981e+01
4.309867665574666518e+01
3.802846492305064885e+01
1.112374520751111717e+01
1.239383931844267117e+01
8.755803079035565872e+01
1.526537898489959666e+01
3.360216699610512592e+01
4.077010175653060564e+00
2.683227148761162439e+01
1.396046183367536031e+01
8.537422586188895934e+01
2.578775964155181200e+01
6.695163839638726699e+01
4.548810733500342707e+00
3.357680872458096388e+01
8.151568622861405800e+01
8.962726867725500313e+01
8.486087490303791014e+01
1.409999395938043065e+01
9.868974766315213643e+00
7.915211293465598885e+01
7.594633499260329756e+01
2.224834009761824660e+01
6.912960964654770635e+01
1.453042185404496145e+00
1.079534067403639774e+01
5.996063466676287135e+01
1.758932890327474752e+01
7.158695743861765948e+01
5.783142587077863794e+01
8.276372915496607163e+01
8.339382081892399157e+00
5.034032425686478263e+01
7.809619680802760477e+00
3.361223664200648642e+01
8.719198071364708369e+01
5.872682920927511674e+01
1.305898961838591177e+01
2.626912651061958215e+01
6.452186348690730711e+00
2.814365568753753166e+01
8.044119186957752632e+00
1.417583169123159159e+01
4.739766546000998204e+01
8.993823889769056734e+01
7.352064649384274730e+01
4.251336090863765094e+01
1.834473552202375846e+00
1.481445496381613758e+01
6.614585723817312246e-01
7.309106956245396702e+01
5.178429546250357163e+01
8.647480215266435621e+00
3.822027234726457579e+01
4.612460091887770375e+01
2.200248975893208581e+01
4.030422062900841595e+00
8.220570303439147608e+01
5.348533705739105670e+01
7.039855224171688519e+01
6.221629254033059908e+01
5.213980805255997808e+01
1.352934405373950044e+00
8.625042360487159954e+01
8.023729939827063617e+00
3.592004905198977749e+00
3.277014422425150286e+01
7.439288052197488454e+00
6.208645110615778151e+01
1.187647953572798087e+01
1.843168822175835331e+01
1.411128308248548002e+01
4.930472748878169398e+01
1.119644559903149883e+01
3.745903759314347781e+01
6.991238011528410823e+01
6.906227616242635747e+01
5.791706671004008200e+01
2.921300443585139917e+01
5.794489807083370358e+00
8.946697986852900897e+01
3.696683656340051982e+01
2.989173347351847099e+01
8.676332052206385015e+01
6.187800414567163898e+01
3.515840856113849355e+01
7.858318120895712866e+01
8.684488824288881403e+01
3.708235377107799025e+01
5.345069763308047328e+01
2.739224207131270816e+01
7.234976265741822488e+01
7.685398034868704542e+01
6.367667634372631369e+01
5.840691888909109508e+01
2.996815669757958389e+01
2.316624553745161563e+01
2.997809042694240134e+01
2.797225336795774098e+01
3.067290806103650169e+01
8.959755056186025968e+01
8.078513001213617883e+01
7.740081902028178718e+01
1.117496966689316196e+01
8.501752427377483912e+01
3.662990913326216003e+01
6.035770723332500154e+01
2.848775389201469821e+01
7.003400546162679063e+01
1.573634230457173899e+01
7.272262146242276515e+01
2.817187188506324702e+01
2.265017930904302546e+01
3.689559032628251600e+01
2.662841356799260595e+01
4.744762977775354074e+01
5.634347035826890249e+01
8.059111194126485600e+01
3.172902716823431035e+01
4.132597515509612407e+01
1.748860279104766491e+01
6.768802574222645774e+01
3.044097514035923879e+01
3.736155880759321235e+01
3.144042996486831498e+01
5.940956315203851545e+01
2.843763410146008397e+01
3.937945783041296011e+01
3.502244440529449321e+01
5.266162241642037500e+00
7.887488248010899383e+01
8.489903800831714875e+01
2.150590228526382930e+01
6.047628314102542646e+01
7.400165526348932588e+01
4.355869823871108792e+01
6.343045986690651716e+01
4.118899775198576663e+01
7.935294476699927202e+01
2.075483372874992227e+01
3.821822470508880798e+00
3.629484612439144797e+01
1.487488159720133218e+01
6.792818257938657212e+01
1.781712052629811893e+01
1.577191300068845337e+01
7.060141323161450089e+01
8.084513833963339380e+01
5.888229392943776475e+01
8.180931868282614516e+01
6.672052826693840188e+01
2.385271856227940290e+01
7.251406510295750252e+01
7.391808978403402364e+01
7.819169167313054913e+01
8.522081149058374194e+01
3.220630811860923615e+01
1.244969328780405604e+01
2.556920508594208030e+01
6.516351928616806788e+01
5.523830006972686846e+01
3.399704912960925896e+01
7.424521745605194667e+01
4.736157993813728950e+01
7.378518202879376986e+01
2.852414194734679498e+00
4.730752748513902617e+01
6.069772769482835884e+01
1.083688440172900691e+01
2.013495230047714202e+01
3.443342581444525052e+01
3.973975634902467391e+01
3.644001862799256486e+01
2.551119046825312964e+01
8.458499295851872546e+01
4.935694099232574672e+01
3.830280350719690308e+00
4.068064162604626688e+01
2.232673701044129544e+01
2.459961253508214796e+01
6.720466447458607107e+00
7.713489685947148189e+01
2.522931803550931207e+01
7.190747812815357065e+01
1.896954072317818074e+01
5.545886937633650149e+01
4.832432380577132847e+01
8.482583245874680244e+01
8.736407893964683069e+01
8.097575896041811916e+01
7.933615906044828137e+01
3.994836326354887035e+01
6.709711077954601421e+01
6.420586374118984452e+01
7.066874381559935614e+01
2.813130248288437940e+01
7.182184166946935022e+01
8.283322913264214549e+00
8.424210123570468056e+01
1.563566309661322817e+00
6.659157176471578055e+01
3.237979286821338576e+01
8.458732117111087234e+01
3.589051024455473993e+01
7.516661916279575806e+00
2.185615491761259577e+01
4.943060676494924621e+01
1.561145351294580941e+01
6.755025123167048662e+01
6.791216681444164749e+01
7.879757524381604128e+01
8.253925274670821821e+00
5.804957726322091816e+01
7.683155001108923443e+01
6.837576283404588651e+01
5.133062193254595229e+01
8.199517362722708924e+01
6.459137283224775672e+01
8.507473286185742722e+01
5.230415529620204751e+01
1.893834395392396885e+01
4.851476854516983650e+01
5.279444823094465278e+01
2.849059675415822213e+01
6.248981150314535427e+01
2.525367961083071222e+01
7.606374007942068260e+01
8.244510148153933926e+01
3.782946931698486992e+01
8.270740378699105122e+01
6.147297314823816805e+01
6.853922133270573980e+00
1.745793128238437575e+01
2.743442986681041873e+01
7.752523829444072589e+01
3.993625135724022357e+01
6.411847261499008255e+01
5.970813802055442920e+01
1.555667861965306287e+01
6.911159458197333549e+01
2.968136830619353361e+01
1.460744901483198532e+01
