7.344308783330788515e+01
1.451864422098737251e+01
8.161387759948587473e+01
6.897077761414982433e+01
8.550910759229986979e+01
5.305379825670027749e+00
1.792571259922449300e+01
8.672565297703054910e+01
2.320159764271237535e+01
2.680593383450666778e+01
8.757972908840308435e+01
5.592111325274452582e+01
4.314772355834298878e+01
6.618483180209852890e+01
4.799782807899566706e+01
5.247092880526685121e+01
3.265116731465985822e+01
7.799863345565862005e+01
4.822567296119265379e+00
8.924206188047919852e+01
1.750900522451111030e+01
3.857973932222195401e+01
4.658127585338301913e+01
3.137818664286782067e+01
4.600112584798525717e+01
6.682256286347960383e+01
7.112646791105247246e+01
1.029794837957257592e+01
5.382023763654666482e+01
6.777573311559693536e+01
7.078995974445361128e+01
7.796648113059268326e+01
1.967952488411378553e+01
2.083677345515544133e+01
5.290787447415020495e+01
4.858643961190958294e+01
2.810182702008005151e+01
7.033630318118636637e+01
2.563617256144422640e+01
1.584789259761522118e+01
6.678533558475054122e+01
4.504838013318087775e+01
8.402043710728473513e+01
1.915072008824207117e+01
1.866312536230481811e+01
6.571997181411900613e+01
1.709191404191076558e+01
4.824464402075383518e+00
2.410574963729741071e+01
3.985750886472804666e+01
7.070436407688830194e+00
7.525523355128993330e+01
7.834749513868256088e+01
4.005482475417430521e+01
8.392450161218511084e+01
2.684081554060765029e+01
2.478465248452700109e+00
4.172632034472589879e+01
3.461724868171952352e+01
6.289629951078833159e+01
6.374942401716664264e+00
2.237343181819938742e+00
1.907448681475092656e+01
8.342118740450376890e+01
1.036219642979144950e+01
4.632052213045965061e+01
2.343154025776435034e+01
5.522668591648108105e+01
1.283474192582886886e+01
7.040127204638122294e+01
3.997806115831314600e+01
3.059416759236101768e+01
7.588826687099539470e+01
3.677420637262459380e+00
8.727768678497349697e+01
7.660625863692470716e+01
2.888103560670274295e+00
4.578643776074132177e+01
3.701663844379541501e+01
6.528207575194345225e+01
3.684317128699557742e+01
5.694854587449667349e+01
7.868907251148321791e+01
8.437430525608063192e+01
3.620386385101616611e+01
6.854175707809739038e+01
1.162673358720672567e+01
1.742436658198587551e+01
6.592838308835695216e+01
4.641763385923446350e+01
3.388693130105574625e+01
6.510916478964932708e+01
6.245118149391602458e+01
6.377611826401296469e+01
1.671575314930543144e+01
7.479440908632550133e+01
4.727684679907770260e+01
4.801831897192707999e+01
6.203844691901268504e+01
2.291898777179601776e+00
6.941905021483793803e+01
2.373828626219078863e+00
3.886641430181440171e+01
6.776555994714664166e+01
2.498761074335356724e+01
4.578085382850326113e+01
1.054660255420367676e+01
3.031315215027621335e+01
5.608081502653455885e+01
8.248650418900266956e+00
3.588959886667789334e+01
3.455766020119333604e+01
2.561532151872927443e+01
5.245936749141792177e+01
5.898606839152861880e+01
5.422759717049928874e+00
5.314602598558304436e+01
4.492488555317476084e+01
1.614680938841337365e+01
5.885481217629749295e+00
6.689588393748216788e+01
7.418845655506181913e+01
5.120032992923918869e+01
6.410461801752747135e+01
4.961374112793110669e+01
3.595734690693024049e+01
5.756347795529615752e+01
2.935543143628216445e+00
4.726385359783155593e+01
6.544742629627182851e+01
5.099937046355475445e+01
9.997829177542671530e+00
6.568942214334298058e+01
8.524553013314705652e+01
5.253086770434736508e+01
4.849695015748357463e+01
6.224772288089400973e+01
4.656679977121739711e+01
4.575987518567925605e+01
2.069304003066559616e+01
5.876686841675127226e+01
2.952381338230178898e+01
5.242740213220574219e+01
1.221168649574355314e+01
2.868453995254135336e+01
5.890778048656344623e+01
4.565280260235449195e-01
3.379221751194131151e+00
8.050749810734518519e+01
3.033148977266483826e+01
3.610806105964148571e+01
3.171877969604298464e+00
2.258279628423771612e+01
5.042507681965285826e+01
5.262609828644102805e+01
3.339582998232381783e+01
7.325776295852858766e+01
8.027599444875387746e+01
1.990885399187048677e+01
7.223355361675552899e+01
2.174131133530650928e+01
4.983707379661055370e+01
3.252000048646358721e+01
1.636776032414001847e+01
1.801626075084987377e+01
6.072764971239568865e+01
5.091328559282842292e+01
3.001930349093153438e+01
2.087242108315184197e+01
9.169069486264389113e+00
6.943777385987934281e+01
1.516896144328164731e+01
7.926667542383623299e+01
2.862236219767342149e+01
3.812727491740596975e+01
1.861518912453058450e+00
5.430410463339716642e+01
1.972134038097750341e-01
5.193570230697778456e+00
2.959147232487971735e+00
7.473719492416978483e+01
1.043546893506749340e+00
6.290500228538132177e+00
4.084209174043772705e+00
2.379240141810063136e+01
2.337775821291250367e+01
1.532385411779926088e+01
6.900416747864002787e+01
1.614703785485023957e+01
6.212567219716670763e+01
8.533422643659720563e+01
1.441535047818286586e+01
4.263070161664206381e+01
3.776932948189473649e+01
9.800995887340807400e+00
2.679484093535780076e+01
8.696947025300802636e+01
1.101121453190241617e+01
8.589617224978501042e+01
4.919476112144323565e+01
8.176859442130567857e+01
8.491588730514539662e+00
8.139970568604452694e+01
7.151677483039932781e+01
3.838149858199104614e+01
2.537707827537051841e+01
4.796185928867249260e+01
1.838413844714676060e+01
7.871986827698962408e-02
5.542206085173981478e+01
4.645991463536160637e+01
4.629630030739274815e+01
2.795558740618548654e+01
8.438596825707506355e+01
3.146961292457278958e+01
8.551731472970738324e+00
5.685867302898324738e+01
6.940546410354708939e+01
5.499401325759321679e+01
3.346788571355178732e+01
2.987844007491888831e+01
4.649504225768733079e+01
8.071127229986900886e+01
7.232147720289678716e+01
3.880278918793340637e+01
5.988563892490090979e+01
7.922511494013426159e+01
5.657723227630373497e-01
2.119663111710178782e+01
5.514632207072691017e+01
8.140299848557260987e+01
4.311660820001673500e+01
8.714412352982880350e+01
2.418465183915391492e+01
9.930382624782792433e+00
6.574505286418630590e+01
2.500366221485765195e+01
6.913539792255622274e+01
4.641515630557533711e+01
4.702136115356667290e+01
5.916248657275563971e+01
1.100522493690494663e+01
4.547854304529325020e+01
3.436937320808532093e+01
1.931864207133985323e+00
1.939858003820939558e+01
4.689540701241773135e+00
2.292372888257517971e+01
7.642387643436666167e+01
5.558867888326310691e+01
5.873795021281919304e+01
3.921930341052113533e+01
7.129530948209901453e+01
1.988131743820716890e+00
1.666764050858420632e+01
1.939933130948572426e+01
6.963552245773800564e+01
1.544345376428499783e+01
3.373109162940151151e+01
5.594734210212637748e+01
2.791905886370076306e+00
3.491265333487233846e+01
1.483373230270322862e+00
3.044472614105328034e+01
2.898446083189579525e+01
8.012799458336264991e+01
7.520538677674576888e+01
8.025666954061040315e+01
7.099033984135451192e+01
3.474498550931696172e+01
6.775171880074964292e+01
8.765042664349797974e+01
6.354543707313758460e+01
1.915319357536834133e+01
7.651986070043086841e+01
1.850758715751978656e+01
4.830685247014505279e+01
3.023299545440614011e+01
5.418952055570306925e+01
3.662843277075690196e+01
8.023045253940252053e+01
2.040999288949118551e+01
5.070301631661818575e+00
6.217063269116678015e+01
3.668628526904873155e+01
1.921627764537923611e+01
5.501785891717928934e+01
7.566120315555868103e+01
8.778452893964642101e+01
3.553450718760441873e+01
4.545284342028874391e+01
1.328069463576524711e+01
8.443806469601479137e+01
4.769237453387820125e+01
2.178594130144395180e+01
3.364396382919870376e+01
1.863352494743782373e+01
5.916022736958306183e+01
8.823692057892415619e+01
3.934599513416259953e+01
7.324582598603967654e+01
6.252276359487527913e+01
5.676378786157446399e+01
3.817539659390564566e+01
5.658972551080992019e+01
4.833536335515351823e+01
6.451568809292766105e+01
6.340667334320015414e+01
8.336056632540342548e+01
2.857073604645276532e+01
4.505267682818603703e+01
7.108909890262880538e+01
3.907699844960819124e+00
2.296710090361222711e+01
1.654218251055459632e+01
2.268216264560070083e+00
1.164264729835264944e+01
8.906793777404588752e+01
1.502604072671803515e+01
3.357667849729904219e+01
2.230919431067162151e+01
2.449341899310460846e+01
6.447540416606406666e+01
3.600668423180998445e+00
2.720653792161794371e+01
8.082510178711325466e+01
5.906589702792452812e+01
7.133331403096001111e+01
2.982925932570839933e+01
6.222765858684784490e+00
8.143751411661094153e+01
6.919289804474604466e+01
7.016496942150331506e+01
3.712356727339140861e+01
5.257684243188924711e+01
7.493225574617596862e+01
6.785099926363098177e+01
1.797346996986159695e+01
2.970969199008283113e+01
6.970385332011892388e+01
3.402084116044566997e+01
3.736150216603426344e+01
8.289053263011030026e+01
1.879692718622252556e+01
7.881757704620763150e+01
7.169949146810670193e+00
5.852568832827289569e+00
4.338071796195958996e+01
8.164885581164264750e+01
1.443008006080854244e+01
8.587524219080198407e+01
3.026089922787394926e+01
5.139925069001067470e+01
6.785789785421538056e+01
1.176454187601809664e+01
6.513527079495901262e+00
6.878556950616167853e+01
4.968655153150923809e+01
2.421652562463920333e+01
4.411289119413477522e+01
3.890492462076383617e+01
4.005379363296012230e+01
5.793122272550316865e+01
4.883458220407913331e+01
7.296373561830179710e+01
2.247066533569378066e+01
7.497776144185574765e+01
3.636918961564513353e+01
2.673797873273987236e+01
4.379215813608560381e+01
1.216750730253466273e+01
5.563319380412909254e+01
8.220654694989420364e+01
3.964868756184193188e+01
7.450774341807698420e+01
3.862604190769226342e+00
8.160724667959190270e+00
6.671821351165657177e+01
2.090216489820872070e+01
7.322043957873354714e+01
1.907189725572897387e+01
2.787380691678843725e+00
5.997871287340559121e+01
5.257379512943040822e+01
6.882070208880745099e+01
5.911485698996065707e+01
2.842184855138696520e+01
4.080700484411744355e+01
6.128798684418357823e+01
7.185053539608716733e+01
6.798791714807776998e+01
6.464347673835163732e+01
1.139032636337523208e+01
2.330955946599983264e+01
7.380026572550805497e+01
4.684793078106986997e+01
1.585198055562191577e+01
3.564413904178576331e+01
5.937998054271449888e+01
4.954982445868380836e+01
5.491036472422616299e+01
7.639374146293727108e+01
1.275768409444443208e+01
5.036126348528259911e+01
4.189781666634848989e+01
3.299696603615773682e+01
6.443328073799800393e+01
1.999280573307316899e+01
8.812060837259970469e+01
8.064478242676921127e+01
4.029307547784516430e+01
8.880129475616489287e+01
1.460944103958923268e+00
7.768183574401035685e+01
5.914474515728197446e+01
8.317409114820317484e+01
7.117463002918798054e+01
2.457826882585622208e+00
7.458601912415028323e+01
2.237343716989882836e+01
2.078717373763616649e+00
2.557728688850297871e+01
6.389486130586239199e+01
6.621864466091190948e+00
1.400102054287910391e+01
2.572235685371569147e+01
3.599449669725456147e+01
1.979262086209798710e+01
1.340710997349209421e+01
3.799607394053766996e+01
5.471611618026133073e+01
7.367650495457380089e+01
1.501823264842377981e+01
6.098039965020436171e+01
2.937980263804666947e+01
3.389518586203251260e+01
4.889256363826928720e+01
3.489995950942778791e+01
4.466454445531885398e+01
1.641049336613167853e+01
3.149483600210744783e+01
2.150564615280815417e+01
6.049984564172920187e+01
2.857992657959310989e+01
7.661157617374642825e+01
2.486026783228490444e+01
1.794714011483191385e+01
6.286384193317272917e+01
5.145187146718313898e+01
2.659799320930831001e+01
8.159437612319410960e+01
1.592272925748166301e+01
6.952565003834239477e+00
8.893243834424382044e+01
3.026225417046524768e+01
5.600861079968200329e+01
1.422054734079884675e+01
3.362736721844724741e+01
7.839503145001141604e+01
9.909936637683780525e-01
8.427735874553800954e+01
7.692873138350107354e+01
2.740546126195534171e+01
1.449006085150299938e+01
3.332061741538238309e+00
5.552943614597790400e+01
5.475598138396046721e+01
4.715496703177475268e+01
4.810590437881886317e+01
4.746951035457114187e+01
3.528692386675565729e+01
4.789366558825685871e+01
2.818591112717025382e+01
6.314481280809400943e+01
6.737729043011241536e+00
2.929999274400905662e+01
3.111378903108266059e+01
7.718500802460737020e+01
1.914703467711250795e+01
1.321084799332571968e+01
7.539613214001708741e+01
5.593342569681022525e+01
3.298033151751516812e+01
3.511666519123221519e+01
6.108032013646276681e+01
4.575995996102907526e+01
4.438252797143269390e+01
6.778579537882860961e+01
2.365483671485674577e+01
2.836836794694427510e+01
7.727706717744560194e+01
4.535268451171005211e+01
5.247136719037722941e+01
4.851894347438530986e+01
6.034814423237255454e+01
7.310150908497939781e+01
4.965465523691322147e+01
4.930661379427171198e+01
8.065089324874737997e+01
5.741624115312919230e+01
1.847450351577809613e+01
1.629744382473623432e+01
4.682712778636592077e+01
8.256898482335130041e+01
3.285574662580629024e+01
4.911068209762061088e+01
7.228569862128075840e+01
3.335282573260992933e+01
7.826176754545420522e+01
3.032501101859654824e+01
5.935800225902664096e+00
5.662300109374371004e+01
1.766801568771027009e+00
4.789836146443343523e+01
8.107841929039820172e+01
1.417655019926329274e+01
3.228333828520930648e+00
1.593733940450158393e+01
4.522844905642035229e+01
7.209576676909721016e+01
8.675452907934042912e+01
8.088478462379491418e+01
4.456329787348337135e+01
7.386869609646336698e+01
5.279220024914606313e+01
1.762112179633155140e+00
3.091689695815447791e+01
8.422598826140313122e+01
6.572035361029320200e+01
4.545621848520775554e-01
6.809536167724895961e+01
3.601239770346006708e+01
3.078640550219573768e+01
2.194222335400512236e+01
4.779720043200730828e+01
3.300408207321972043e+01
3.125251511094550949e+01
1.558939501871810407e+01
8.556673155499164807e+01
8.874345189699627667e+01
6.249563561658300870e+01
5.913042767047245718e+01
8.607969407266172368e+01
6.198808236419465345e+01
2.016688833193918384e+01
8.053373198065273186e+01
7.930413626852060816e+01
5.213679877600666757e+00
6.644422048098302014e+01
3.294514773180241463e+01
5.283512783089553011e+01
8.930020564000261629e+01
7.640235427535243673e+01
5.368093615174699096e+01
3.868263377353400756e+01
1.394688550513946090e+01
6.164678364307442138e+01
4.285277342938789147e+00
2.294730516337985549e+01
1.722426444525971689e+01
6.774503620773339208e+01
4.865928743020312197e+01
4.105184217849765105e+01
8.520578116288395165e+01
5.241942407380859237e+01
7.168997109001369950e+01
7.374783624394464709e+01
7.255066231336842009e+01
6.603471488906639308e+01
7.579290666548821775e+00
6.487695235711443331e+01
6.488714443072980842e+00
6.246002452230434443e+01
8.998197578808799335e+01
2.566282397992767983e+01
2.128241109659256125e+01
8.043922581517409753e+01
6.768959509170409206e+01
5.171562611661172149e+00
6.804209185903680179e+01
2.234484702149092428e+01
3.139917301305144193e+01
4.140104016146342758e+01
4.848677824912218171e+01
4.104610852605916449e+01
1.135238442932543101e+01
4.951832066832321999e+01
8.645366434146646739e+00
6.400864496033632633e+01
7.282568463284360405e+01
7.343916978031490572e+00
4.167499383184525641e+01
5.794508109298509879e+01
7.644060336682252910e+01
2.422086738501753800e+01
8.678093769201124985e+01
3.755906159806011857e+01
6.400681688366583444e+01
4.766977286718002205e+01
3.478720304793164964e+00
6.476811147270578317e+01
4.818616207533214180e+01
2.922368003106070233e+01
2.834351473349539674e+01
7.973963132869432702e-01
4.607508834591214253e+01
8.992512704131405599e+01
3.984805114236699097e+01
7.031101810569303723e+00
2.738435210853227275e+01
8.521580810093468017e+01
2.916759929829700937e+01
1.696629875450167413e+00
4.805639504059200817e+01
6.309000335003405269e+01
7.842322862657495008e+00
5.133977924505586543e+01
6.871834008855769582e+01
8.435574556159991744e+00
5.480837129157902865e+01
4.335757677824808809e+01
6.731753589763421530e+01
5.409564956651766465e+01
6.472986212503545111e+00
7.420631575305147010e+01
5.871868009018419343e+01
8.482334625301201925e+01
1.555940110532955245e+01
6.758578419827249206e+01
3.022074611826096202e+01
9.324197915884424148e+00
1.196742240356527631e+01
4.719735146464315534e+01
7.569757809148978822e+01
4.451625156122682370e+01
3.848545922250418982e+01
5.481855435977673352e+01
7.988978320288713242e+00
1.333511008887356653e+01
7.923511744960899250e+01
5.619516109451962649e+01
2.030727272114081217e+00
8.133639896158840088e+01
3.584497764904989481e+01
5.731250494007760210e+01
4.148078758446960279e-01
1.817947956838606061e+01
3.244816686798297489e+00
7.835210063616490572e+01
3.502068760953445548e+01
2.795514646831871985e+01
4.399697113279275840e+01
3.989115911707433071e+01
5.885329078790023516e+01
6.424651361124517734e+01
2.389952038756826980e+01
4.159780896768511127e+01
1.168176492465622118e+01
2.189514595542097197e+01
6.639258580675533494e+01
2.684084523442023951e+01
3.309406799039712865e+01
4.962492468873891482e+01
1.583328127784518458e+01
6.037250364061881669e+01
5.482655915975940530e+01
7.949766883426094921e+01
1.634948573464205879e+01
8.850569680305441977e+01
6.924899412357636663e+01
4.941229704578253834e-01
8.076129551130016182e+01
6.150331007140241724e+01
2.117695114708575232e+01
6.912326698478005937e+01
6.374532254214155813e+01
7.950941399566525547e+01
2.375756526442383887e+01
4.368834710994325832e+01
2.953812256878157783e+01
8.346059199588167132e+01
3.760646353816679976e+01
7.222347111774092809e+01
7.114333679303784663e+01
5.658958143013770581e+01
7.178425505552661434e+01
8.854246263911362291e+01
1.428070007547556663e+01
8.601226786776236111e+01
2.131155648913516742e+01
8.211814527736557068e+01
2.318282823230599021e+01
1.776983116386486472e+01
3.276561032006771512e+01
3.234271716804170893e+01
7.873823830867365814e+01
4.499444575187895623e+01
4.380563030946417769e+01
3.986355696044264363e+01
4.478385027393887441e+00
4.506671104272645323e+01
6.414067111200540694e+01
5.322891602034181346e+01
5.961278163448525191e+01
8.139398421666852812e+01
8.673740103802236945e+01
7.994775719195268948e+01
4.655582664116614922e+00
1.519642366583303783e+01
2.696915900657647569e+01
3.706365579240073771e+01
6.820130973466508806e+01
6.307069511540171192e+01
2.473555858365326543e+01
6.421867845095843563e+01
8.606822861620351262e+01
6.697111014203161972e+01
7.650253792018396837e+01
8.135813661990958678e+01
6.660677175678323181e+01
5.424572558979192394e+01
5.647589785333575207e+01
8.799848313474987549e+01
4.101483707437783721e+01
2.290197358742770462e+01
6.126259380494942519e+01
6.547285213714051366e+00
8.958882801467434831e+01
6.451193434812051919e+01
2.885895700838632294e+01
6.178530939023706736e+01
2.248649677343587427e+01
7.911778650412442460e+01
3.789100548380277189e+01
5.263131735282253487e+01
3.106412056222916007e+01
5.757205595412373356e+01
6.875787760144875449e+01
4.500918074372364686e+01
5.696938955426980300e+01
6.163295750435325004e+01
3.517417951969684253e+01
3.316378898160665756e+01
4.668738763319549179e+01
7.627054639814272718e+01
6.209867863070562066e+01
3.794035893864534614e+01
4.862696147916565081e+01
3.389268212303201722e+01
2.675721873429058206e+01
8.766398273448694489e-01
6.306192004221069425e+01
5.074906184030695755e+01
4.763521722245359058e+01
1.580567741783542068e+01
2.757440926546872362e+01
3.155366628289231556e+01
6.867164269989861225e+01
5.318448251009718319e+01
7.175102505696952448e+01
4.577387219643722460e+01
6.553727919812601499e+01
5.597897872947197584e+01
6.821131714919417277e+01
2.466016478006730139e+01
4.418898857517095990e+01
3.333406919664690804e+01
7.298313190208881451e+01
8.572071752855225668e+01
3.895646453705919043e+01
7.652687171149270284e+01
5.272415506493697279e+01
5.188738144761091320e+01
6.307984403152382669e+01
8.632948191430898532e+01
7.114492713684707326e+01
3.861451988563306514e+01
1.612614202010708198e+01
4.455672577550082281e+00
9.887235575779177665e+00
4.417321992175255474e+01
5.625819456911447958e+01
5.770685123039860542e+01
3.576748239490502357e+01
5.682172580919896632e+01
8.099334856895765711e+01
3.197498897868636902e+01
5.539606825832494508e+01
2.577947617792173318e+01
6.744545911196273380e+01
7.595696447392951711e+01
1.261286134678642590e+01
7.097984921265729952e+01
1.724027726040045039e+01
4.163927406382485685e+01
7.604290994685510441e+01
8.731588314952608698e+01
4.061005056933624502e+01
2.428567072776122515e+01
8.108399496445801446e+01
2.775275997235386072e+01
3.643293281821866003e+01
8.682306645488974084e+01
6.146502471040579252e+01
3.059285664895844548e+01
7.009396478093144367e+01
2.042335222978386255e+01
5.734860025478082690e+01
8.659016454441072597e+01
5.282398558717400050e+00
2.828369659822199012e+01
4.582673301514516595e+01
3.261355587180400306e+01
3.152435681361683706e+01
4.596214552252403962e+01
6.472736060929720736e+01
4.995238983591821125e+01
8.221028176171515156e+01
2.936453614360349818e+01
1.908617317576501549e+01
2.386156651266648154e+01
8.733975261794519440e+01
5.504412132756448806e+00
8.630047232622159470e+01
2.110639460813013102e+01
1.671201873078819178e+00
5.662856616750028849e+01
4.474971019974885422e+01
7.860219837430932444e+01
3.311814606474126776e+01
8.547708665339231970e+01
2.274084239003659036e+01
8.212188263264880561e+01
3.684350156040848390e+01
2.013383409616074093e+00
6.305185686001826895e+01
6.294715296019069939e+01
4.481249662643956810e+01
7.673278415170310041e+01
2.592212572529858861e+01
5.067229810794206912e+01
8.745665413523875031e+01
5.044652927854313518e+00
4.885348298637855180e+01
5.658183325856801282e+00
7.480615759039224599e+01
2.412556598932172491e+01
4.040779256770753847e+01
3.832349070675518021e+01
8.896694357231518779e+01
8.344253100089335362e+01
1.655044284522995568e+01
5.330798856846306677e+01
1.365665711550026806e+01
4.699278828561366339e+01
1.319216962736284859e+00
6.779025924781296908e+01
8.084394383900425396e+01
6.788570618771200316e+01
7.240071972493214503e+01
5.959838841666906006e+01
3.871405703080993987e+01
5.387339880296986294e+00
6.542749398766483182e+01
7.947839500074400121e+01
3.267476161676301416e+01
3.297259153792283115e+01
5.151854750120656945e+01
5.219224404508168647e+01
4.169763467533327628e+01
5.838127429400498336e+00
8.172578676438138245e+01
5.110929317952111717e+01
3.680974616462840743e+01
3.908829228441875614e+01
6.790336408556561310e+01
5.554895205158967997e+01
4.497876100041228398e+01
2.002364371591166403e+01
3.353798451750167686e+01
1.822893429784591035e+01
8.577970904658168649e+01
4.415454503018607646e+00
4.396112676617572390e+01
7.418822475937587058e+01
1.475311512283629112e+00
8.862470718097890199e+01
1.678326130550666928e+00
6.921761508875552238e+01
6.806061331750687771e+01
8.427972668281836377e+01
9.293706834730575128e-01
2.554142597091744804e+01
8.920819229725918831e+01
1.250843305209149436e+00
7.863323766235934897e+01
2.865867786852732380e+01
1.065723906093148265e+01
4.221752154289284675e+01
5.182830883238965214e+01
8.069984741499355607e+01
4.025084021149679359e+01
3.388804702376314992e+01
1.442987437803486017e+01
3.516580861841004690e+01
2.358516142017903761e+01
2.283788870440230667e+01
1.943417850027712745e+01
8.776623871907601426e+01
8.841886979305350280e+01
8.135084039572572578e+01
3.652040474106877355e+01
6.888382444077836908e+01
1.235399882962759932e+01
2.742944288217313087e+01
2.346120099542602233e+01
1.772163361644494017e+01
2.832883681679523846e+01
5.904529540079116146e+01
7.857848420438528159e+00
2.154713473553314174e+01
2.704791632746795571e+01
4.512706209172115734e+01
4.837711047656024022e+01
6.641483161742254993e+01
1.559197709518178598e-01
8.297860321902379610e+01
3.242921062404144550e+01
3.483733872920221586e+01
3.576271692637608623e+01
6.577864110505111661e+00
2.546069666146193455e+01
3.988441553062834544e+01
4.923569569873642582e-01
5.173813863924475243e+01
5.183335097867456653e+01
3.737868158973127919e+01
8.501073145562422440e+01
3.267087955351635031e+01
1.285771491618978501e+01
1.462851048860854242e+01
1.028669551840513918e+01
4.844814120281589709e+01
6.445728423275508590e+01
6.529110905243780394e+01
5.590663240158334268e+00
1.678106435505528893e+01
4.124883186375694066e+01
8.852187485806898337e+01
4.671592870362096050e+01
4.880771051137901395e+01
2.728062091791782251e+01
4.656360690140833469e+01
2.222837546709968848e+01
5.615932738564197280e+01
4.372482440769027789e+01
2.515290387855469945e+01
1.450176898873847087e+01
7.417985764697793627e+01
4.119362867823762997e+01
2.303603218207152281e+01
6.483299851787524659e+00
8.710052646083896377e+01
5.533878988289284706e+01
1.096592491022732752e+01
5.468890159971374487e+01
1.844031270576726200e+01
8.805281136549470489e+01
4.397478753571753174e+01
3.450600217046383733e+01
3.080142422644136246e+01
1.447871459903822711e+01
5.959362964160828113e+01
5.657361394460843940e+01
5.469691464673530845e+01
7.215268625874075781e+01
7.728861735773422481e+01
2.552966966377704949e+01
5.605239307129572524e+01
5.790795844996755903e+01
3.147914028170346512e+01
3.285112319314181661e+01
8.923566484208700444e+01
3.467878224749595262e+01
1.995060631063095258e+01
7.908520925379181676e+01
5.523391213184944348e+01
5.157256056018869828e+01
3.158480090801326767e+01
4.093380898970220017e+01
2.554222126287801586e+01
6.760589760675674142e+01
8.781892469837616488e+01
3.877725512271037900e+01
5.061005296074377924e+01
4.247863705214534491e+00
2.230976576752328100e+01
2.908005519641637804e+01
8.116885904467407542e+00
7.761490071695833137e+01
4.666922532678406554e+01
1.827276711608445403e+00
8.722345048078332752e+01
8.048673405350909604e+01
3.028010450532628184e+01
2.135678085061387677e+01
2.247821609947293098e+01
5.608915403763305108e+01
4.910153241917454636e+01
3.481827059057501117e+01
1.672691838250096197e+01
1.112997430226036677e+01
5.160549174036925990e+01
8.919319760682810738e+01
2.585526565799773735e+01
6.809700573378844979e+01
4.807097070947756379e+01
3.806265823560503492e+01
6.904940042744617301e+01
8.079102689710893515e+01
4.330114978147137350e+01
8.662066409727205496e+01
5.857033087244953151e+01
6.547754382354492009e+01
