8.542316068187193423e+01
1.779175480574537360e+01
7.268740062354017084e+01
8.875516847957382538e+01
2.315989803688970383e+01
4.808174897853108831e+01
6.803062902222291086e+01
3.549936085932539953e+01
9.105605045368303507e+00
5.310948914615698513e-01
8.849071952486642090e+01
8.597437827874631466e+01
4.119543239198132056e+01
6.531531456917244682e+00
8.319684266201304013e+01
8.750755465773877972e+01
5.219542671710737380e+01
6.088963475268936776e+01
3.560786709692973062e+01
1.491589914690501040e+01
5.604225277478268197e+01
6.787917588099001875e+01
3.820983416905772145e+01
4.783345380601475938e+01
7.077550076585771421e+01
6.118462660721457524e+01
1.661300435907298478e+01
3.026600724784479013e+01
8.768881341779939476e+01
5.991251398680486773e+01
7.386461609951891205e+01
6.508129949025791916e+01
4.029818499257024200e+01
5.561331612262546287e+01
6.200982058010541209e+01
8.023700339418260796e+01
1.848072329778403855e+01
8.344696548098582412e+01
5.805731711814558338e+01
7.739736017779272004e+01
1.441756395898431720e+01
5.016369692667618096e+01
3.584308278377643653e+00
1.388145800432695509e+01
5.131872477006105271e+01
8.389646034205870251e+01
7.247549907036983541e+01
2.532479844610678654e+01
2.313622196611206050e+01
7.026677146102413474e+01
6.230730581715835115e+01
5.064294988954672050e+01
5.686113773128463578e+01
2.137829456249849613e+01
1.781225525756117145e+00
1.476646457073281482e+01
1.227983565206125505e+01
8.528637138258758910e+01
1.902982620877712705e+01
1.241546554385914192e+01
7.833854929173377002e+01
8.026127076821698125e+00
7.522499019806836884e+01
5.837183525110010862e+01
8.783099440937468216e+01
2.311683528654493003e+01
8.990853672808196961e+01
2.620807724328939514e+01
8.670348916735447631e+01
8.990360266901710418e+01
6.618812292143356046e+01
7.450182529381932284e+01
5.775431233431201150e+01
4.482710347715724630e+00
6.680835562715758158e+01
6.356660952002604859e+01
8.271181317041894943e+01
1.444090139254308269e+01
7.503208153848484585e+01
6.425002781439656019e+01
3.030129983303441676e+01
3.146872449721669796e+01
7.011263558197684631e+01
2.976302001768019423e+01
5.795684886242334244e+00
9.224429619752549936e-01
5.104179308579029239e+00
3.292938644291957218e+01
5.136313078841705249e+01
4.274214364884152673e+01
2.005620692876981526e+00
7.674259697132775671e+01
5.208132005996319691e+01
5.596765263252484601e+01
6.283711092751504879e+01
3.063010726087530600e+01
3.033460982749157608e+01
4.828392820648259942e+01
7.737059042603971193e+01
8.811980483850204848e+01
3.799124574264497767e+01
5.263028971896104480e+01
3.744696253262584662e+01
7.812579640084973676e+01
2.478275494100338250e+01
6.235783511842539184e+01
8.892043712803729250e+01
1.601191788469079924e+01
4.026645725379871976e+01
4.191838777249564885e+01
2.376705830042908119e+01
4.299749831125066812e+00
3.273599930946974723e+01
8.381306263873142370e+01
7.945533899221190666e+01
1.361682531313724454e+01
4.806986166574070296e+01
5.907932093415034558e+01
4.457944211304000959e+01
6.834590135499884411e+01
2.222123485501512619e+01
1.554086368346019853e+01
2.728477086022263975e+01
1.467897352015452483e+01
5.735367861004084489e+01
5.941023553663363543e+01
4.788144331447937674e+01
8.807634571240306798e+00
1.348469562607398942e+01
2.161371136113855940e+01
7.297373276465525294e+01
8.157326415525018604e+01
6.294632578622626795e+01
4.287087375851116633e+01
4.142373375129506030e+01
2.407431407217061903e+01
8.930712649648646106e+01
1.231895882424485400e+01
1.712620232791037012e+01
8.544205352282764920e+01
3.362550535160951171e+01
5.234920259700735556e+01
2.229103855818759428e+01
7.774811600967272085e+00
6.741468017149603043e+01
7.762455609575295057e+01
5.869876339549463751e+01
2.127957074469521981e-01
5.079745671798658435e+01
3.997595681549792612e-01
5.834487371948969781e+01
4.376896623776241313e+01
7.677467947621505751e+00
6.978728851413821133e+01
8.371792444045226489e+01
2.297076811037356592e+01
5.739120835895457873e+01
2.491687238581731734e+01
1.566818702306673927e+01
1.816344532073223306e+01
2.255119812044511463e+01
6.574601136440644211e+01
6.951421084592196564e+01
5.061802533431337281e+01
2.567428562066949738e+01
4.789665773421393169e+01
5.712127645128608577e+01
7.569843735093716930e+01
2.942477966830833402e+00
2.082385794291518621e+01
8.528140077248912121e+01
7.074007372675583838e+01
2.068163025563589486e+01
8.829228798545790369e+01
1.037047258873758437e+01
7.929199427889572860e+01
1.891447685496152609e+00
5.965973438863994005e+01
5.961935356112335427e+01
3.214442969991450383e+01
7.769823398775001522e+01
2.266700606207384894e+01
6.867923391328379523e+01
5.292556717749148021e+01
4.819336174389287208e+01
8.345822414844738546e+01
6.233080754723254557e+01
5.583224029051280723e+01
1.485769607841657525e+01
6.814827604541544304e+01
8.510190633309234087e+00
8.696371107024577896e+01
2.860459701802173171e+01
7.643620385454603650e+01
8.945901564046016219e+00
5.608184159461681872e+01
2.394349960449971348e+01
2.371739514848546193e+01
6.925474333389186654e+01
3.742168208388933692e+01
7.003899035695044795e+00
6.162537088003928432e+01
7.269924115723610214e+01
8.266617946034463671e+01
4.327827635388837280e+01
7.295998915592510059e+01
8.233260121387756669e+01
2.763519832278188559e+01
6.561025777587904884e+01
6.225217013947249001e+01
1.027322751175938720e+01
5.457091859966352487e+00
3.498657184903119344e+01
3.582452511099190673e+01
3.040447061059629519e+01
8.783137935882754732e+01
6.170607833858036173e+01
2.357830258922266609e+01
9.669343169363909141e+00
6.667311057956312936e+01
1.336800238775336069e+01
5.631590042635148308e+01
7.243976970511906188e+01
2.674617837025137845e+01
5.486343291318685544e+01
1.591893183704239378e+00
8.108966622264028956e+01
5.234949419926493874e+00
2.043508610622941646e+01
3.514273989029332057e+01
2.519764708028684552e+01
2.245659404884771604e+01
4.773536183596662141e+01
6.161145950983183184e+01
7.570827492033835426e+01
6.202762949163707162e+01
5.929105505864190206e+01
4.605804358359831951e+01
7.675653193295104870e+01
1.297066590638246275e+01
4.789185043654438090e+01
1.512363846064000938e+01
5.667087159795710960e+01
4.305363603507384340e+01
6.000029074843682508e+01
6.839957748959442085e+01
1.162645987253683622e+01
5.638960240651447009e+01
6.976482815486214406e+01
2.311149104610203509e+01
3.962433437608339659e+01
4.036891683371436557e+01
1.168782314682037082e+01
1.964617542176407383e+01
7.574003970165765054e+01
7.741727104976871487e+01
8.572607039449320609e+01
4.019976497489171408e+01
6.937782407789285344e+01
7.332746494393771464e-01
7.943429858420158496e+01
5.234832087475655271e+01
7.682694983656560339e+01
5.666623585650434336e+01
3.994354920940642018e+01
4.831961415754712164e+01
6.730894487374371238e+01
7.125024384432830971e+01
8.720174759546530652e+01
1.092869150544035861e+01
2.003646104448426613e+01
7.852221130789160952e-01
2.210506554873650842e+01
6.934817299553725434e+01
8.560199468397185285e+01
2.532997126941666366e+01
4.595957392783479634e+01
6.293455593682485016e+01
8.702953387283898223e+01
5.282073926136984454e+01
5.316691173224868550e+01
1.412463979147247350e+01
1.635205616137218243e+01
6.402200612839871496e+01
3.254705972256618196e+01
1.164796058846181737e+01
6.684833660079557660e+01
1.310333515851819719e+01
5.183634812278312864e+01
8.500365524970537479e+01
6.554217775690923986e+01
1.841034271613017026e+01
2.274067489990530433e+01
5.074238868681483439e+01
2.809138597896654588e+01
4.311804977097029479e+01
2.489718767124969645e+01
3.978663253944867506e+01
8.457771187171114491e+01
6.239442791673226907e+01
5.611051637453492447e+01
5.166196629178080002e+01
2.808813588035137698e+01
8.026801376123114551e+01
7.194216014668870685e+01
2.754274242552478569e+01
4.611191586551580457e+01
8.100492965387775257e+01
7.443985532320584753e+01
2.550487513596245392e+01
3.380034614257949954e+01
3.654172215580977934e+01
6.362456585778484452e+01
5.752541823108050778e+01
2.470736798040163862e+01
1.806941185200810551e+01
8.872020374886537297e+01
7.402832276539453460e+01
3.214431949396729493e+01
4.918166653506340680e+01
5.605556038441959288e+01
5.454400339986042923e+01
2.799767210550553997e+01
2.782202851064849369e+01
3.427172594263917915e+01
2.563599634402965322e+01
5.615032346474853853e+01
3.784785497447852975e+01
8.614923953453636329e+01
5.379236497813246842e+01
2.506497078589452343e+01
2.941495502373271620e+01
2.903741284602065065e+01
5.668637553041396160e+01
8.692270615279413803e+00
2.838227847909854518e+01
2.616222811332839626e+01
5.309284881090403019e+01
2.003980868418561911e+01
4.031125254245934997e+01
2.647660181970352156e+01
7.976350704707522254e+01
6.004984048942583286e+01
8.359670953578637409e+01
8.506971922314149026e+01
6.497764076790375043e+01
1.860422740954760812e+01
8.968830908895317577e+01
5.623013657369197205e+01
8.349348391016373228e+01
5.118678863803177492e+00
8.585049094038654971e+01
4.034329939518839581e+01
7.489828501210716638e+01
6.041221476775639587e+01
6.126293146849133109e+01
5.604147803171699138e+01
8.789958440135310980e+01
2.174259599457963876e+00
2.050114241581574248e+01
5.771970406487433536e+00
1.971543723413874361e+01
3.458431953388890889e+01
5.284300969444311047e-01
2.383066346563409255e+01
5.384439992762798965e+01
1.355682807458119399e+01
6.390999882940676002e+01
4.715860925987524155e+00
8.463813775664564787e+01
3.393277313321035393e+01
5.317949757774582054e+01
7.478838439051281739e+01
8.605990578026114335e+00
2.948554154753735901e+01
1.298711081029968462e-02
7.264590811365081890e+01
5.302599068438818009e-01
8.102970164324584346e+01
6.155468991605607698e+01
4.927124137630378442e+01
5.724101963512223534e+01
5.951301853461389868e+01
5.164266511518155767e+01
2.748775592900398834e+01
1.618811647385636476e+01
2.196129177593064341e+01
1.222485249659191453e+01
3.099792567347931893e+01
4.821520647466047649e+01
1.939681814032902452e+01
8.422176836450030635e+01
4.809541877308003421e+01
1.288987451050362765e+01
7.786969124219660898e+01
5.325100256148176214e+01
7.817385062080852265e+00
8.504244196238688858e+01
5.935813621299266174e+01
4.828699065739348129e+01
8.733738262074724901e+01
1.640292331762291766e+01
5.404710148898217170e+01
2.090584814350169296e+01
3.276470223689381811e+01
2.750916855329678334e+00
3.646279388759265316e+01
7.003516076089432829e+01
1.202841377588032001e+00
2.726887068164413463e+01
4.864737880190239672e+00
8.945259688810668308e+01
4.571049071105493766e+01
3.558279248625731128e+01
4.115209429489453186e+01
6.066186776357154997e+01
3.254759249515162622e+01
2.888197064732968045e+01
4.208769487169896450e+01
7.384359972328398669e+01
4.778431142254466835e+01
8.189719710462276225e+01
8.784872664444993973e+01
9.018737196741668072e+00
5.555286350617738123e+00
5.258177922605494814e+01
5.051543169044260395e+01
1.727399797124713032e+01
8.048206860942977414e+01
6.555214543551578288e+01
5.635634441204992129e+01
4.361112799425794861e+01
4.357857148303673966e+01
6.890943656527211658e+01
6.426281824824138766e+01
8.117114245959373875e+01
7.071306755810215350e+01
1.696639986735296546e+01
7.896574016153407172e+01
7.387648242363745510e+01
1.817974545324032576e+01
3.396742455903830660e+01
8.443794130091187355e+01
8.099532114722615361e+00
6.697741050449576505e+01
6.897856836627133248e+01
7.563688286531346705e+01
3.079185128423779005e+01
6.526669951252381807e+00
7.082378603333296496e+00
7.883732511760828743e+01
7.238723751356296532e+01
8.374056675335468469e+01
8.788834364635530960e+01
2.963241152583443849e+01
7.314227956095132299e+01
1.479606312945420399e+01
5.499626782859834861e+01
8.868286699637090464e+01
3.714756507866211699e+00
1.439143278953749139e+01
2.378609610888430126e+01
5.517099186524935561e+01
5.655691664288010401e+01
6.397548902600995291e+01
1.841851926815022367e+01
1.517921774284250702e+01
2.153167863850482888e+01
6.746512187953602790e+01
6.015927377452734959e+01
4.041289955253861876e+01
3.457657755108812125e+01
2.942397222061336493e+01
7.386638110576750194e+01
1.541495526270484007e+01
2.751596548672115361e+01
1.000138819052496508e+01
5.622452116004732403e+01
3.229332320031675607e+01
1.616065257965666468e+00
6.940157697313757978e+01
8.100044416218171506e+00
6.012356767182027539e+01
6.254773638107870681e+01
4.750349943742305214e+01
4.708728774316526966e+01
1.120720586421648157e+01
8.801301638338699718e+00
7.963289886887952918e+00
6.616441908932961269e+01
2.139278273738107572e+01
6.229290697365191676e+01
8.709253582350558531e+01
8.036453224810797735e+01
2.799056300342980208e+01
3.857602929925176483e+01
4.558427674010764719e+01
7.968413697868517431e+01
2.195945064363129262e+01
6.681735935537982130e+01
5.161147354305875723e+01
5.289667186523326592e+01
7.673941948717909156e+01
3.194036681990170479e+01
4.074370241080210064e+01
7.358808978169668080e+01
7.574709200143561816e+01
4.132665768579883547e+01
4.215359485359566349e+01
5.566388444840492866e+01
8.390660555708021207e+01
3.869135908782221378e+01
5.081260713346414803e+01
1.570609786619062653e+01
8.129339188281024065e+01
9.156046034834036007e+00
7.862224070855057789e+01
1.745819960321664865e+01
2.605258490305559782e+00
3.179997591978701266e+01
1.583902234631881356e+01
2.824261778332673245e+01
8.638932055136426413e+01
1.467083777682110934e+01
3.788240836215697271e+01
9.993830734200408017e+00
6.081739482255795792e+01
5.477658993077014316e+01
9.804721943874891821e+00
3.863699603514393743e+01
7.383289338350179776e+01
9.333909872668149532e+00
4.477644443688163989e+01
3.036314480668671489e+00
5.977854564242512225e+01
6.267618398544328073e+01
8.419767263449809036e+01
7.214687573660219755e+01
7.833550584945358253e+01
5.562391438465997595e+00
3.654044807323239041e+01
3.487824863612287629e+01
7.321616895263625224e+01
7.497739004127046414e-01
2.250204049273653695e+01
1.307508911209969504e+01
8.936811702201086405e+01
5.627804280337653609e+01
6.606453378347582372e+01
1.864512508043964090e+01
7.733475529523340697e+01
4.370897533224540865e+01
1.714378803904899229e+01
6.125762889438615844e+01
4.786938396637893334e+01
6.976163762210168784e+01
4.138704603230668511e+01
1.825795254167724480e+01
5.727907676388761615e+01
5.687843786793586531e+01
8.701541823549405308e+01
6.494598412764878503e+01
2.421048112646660755e+01
6.638860686888837392e+01
2.593685351758568558e+01
2.897310436902937880e+00
8.571402803658122593e+01
3.108471203689687457e+01
6.957613105035468948e+01
6.237105654098394325e+01
3.232732122814003617e+01
5.770907551553666082e+01
3.191216954028738684e+01
5.237568052444983380e+01
4.887974683642806184e+01
6.043717921194978970e+01
3.720339289131560179e+01
1.146009074548726048e+01
6.587720660379368987e+00
4.853921366062418485e+01
2.131471712070829128e+01
8.366332433249564815e+01
7.793194961312551072e+01
8.269805394545076638e+01
3.012850272267093388e+01
7.779712294417207374e+01
7.449141777319113977e+00
8.319005993665807352e+01
1.866174333734121049e+01
1.348968983569200830e+01
8.579878096533622767e+00
8.252995865768095030e+01
6.010560727247344914e+01
2.261466753594288726e+00
4.980174519574312342e+01
9.462267351675855309e+00
1.375441788604819315e+01
3.137713223368048787e+01
1.466429313506384702e+01
3.969439652950606501e+01
1.549138843394563381e+01
2.146333242287573739e+01
7.348719075513554344e+01
6.650899261866297252e+01
4.044506804651912546e+01
8.212086365572713476e+01
1.521749613267993873e+01
4.373405119774435690e+01
6.868669286109260952e+01
6.861083431305927149e+01
3.927162888001274155e+01
3.431912754357191453e-01
1.014414729106169588e+01
4.584054920231165653e+01
2.514769404815452347e+01
7.604686761352662927e+01
8.353460157790615881e+01
3.499632491968993264e+01
4.710650973981877598e+01
1.513663111078767898e+01
3.601334115457388663e+01
3.133210217080384385e-01
8.197484503132986333e+01
7.393673586410574217e+01
4.374313849565648837e+01
6.870317032964878479e+01
6.384310967203928300e+01
3.134010539970669029e+01
3.797079749652242953e+01
1.257287703571843807e+01
5.763558779996507297e+01
6.751468630529213044e+01
5.285780796484605304e+01
7.249464237117253163e+01
3.090671892665377385e+01
1.487314226917668414e+01
8.401400457749909378e+01
1.698990595492327671e+01
5.014178352332283595e+01
8.055342770518822704e+01
5.089134001142870289e+01
2.110564083439321337e+01
1.558918297782592965e+01
2.666938514262560744e+01
1.998741851932307156e+01
6.081585809606180959e+01
1.860210703539800647e+01
3.115416331429705465e+01
7.644871519342420818e+00
6.887705140813430660e+01
8.961377143471734996e+01
9.252393793515595988e+00
5.000397298024182646e+01
7.880771363933811813e+01
4.091120954320302872e+01
4.643620660709963488e+01
2.317449352957913433e+01
4.556714375019058139e+01
5.635571726514545787e+01
5.489044612288004998e+01
6.496498259074017767e+01
8.253652860012331871e+01
6.532932992669083205e+01
7.830818793546640677e+01
7.476763582430702115e+01
4.254063488868182219e+01
2.490165211934020917e+01
4.910676944696011503e+01
7.825434380107790844e+01
3.441146904737090040e+01
1.048969078130702570e+01
4.186692862842518537e+01
5.481323511682209926e+01
2.773572483503787467e+01
2.930794750923875824e+01
1.798684386432393367e+01
6.606151751681873918e+01
5.680691827029419727e+01
3.808962901063983253e+01
1.432631749889748995e+01
5.179527957585575848e+01
3.030665895410885824e+01
5.541590487921513386e+01
4.548902385811755522e+01
3.062435002445352694e+01
8.475049592952395017e+01
1.437737066910632144e+01
5.352073379437632639e+01
8.247058159697120061e+01
4.802000731280310220e+01
3.796921280606408544e+01
7.263497974693629544e+01
8.428939548328028764e+01
8.710707015869532199e+01
5.661690708265883387e+01
1.890905485725170720e+01
8.778899839394884452e+01
8.070075162038683914e+01
5.793247456940407858e+01
8.070313213884786308e+01
4.672812639544086011e+01
8.490656028217445339e+01
2.548328012672574516e+01
3.326544903433815392e+01
1.130139552178961448e+00
8.662821315125286503e+01
1.742796935920065948e+01
4.017504472253976644e+01
1.088915322496161231e+01
8.310519218166159305e+01
4.119416653767663306e+00
6.145162050309021851e+01
5.933215904018543085e+01
7.329044251902928409e+01
5.721199636558575463e+01
7.923415211060607533e+01
8.565969000384309595e+01
2.246542501411714099e+01
7.722193664844371597e+01
5.964771341432674490e+01
1.713276900202348463e+00
8.470055362387392961e+01
6.959721244871364831e+01
1.526974267603666036e+01
4.029950177117952670e+00
8.820032074384823773e+01
4.307685331350088020e+00
2.662556249256381236e+01
1.917627991359030304e+01
3.931477930461979753e+01
3.095417233705474658e+01
3.949783315204835077e+01
5.026346541571815152e+01
2.067503210874696506e+01
8.945784557749597354e+01
1.502168478126205997e+01
7.256995228464325010e+01
5.544949815081216116e+01
3.284468863118121806e+00
4.611973891254400115e+01
5.770637109392461639e+01
6.435206612758338451e+01
1.644725414958528020e+01
6.026781433804993426e+00
3.736663455518169741e+01
7.167296973647857783e+01
7.133196765192614919e+01
5.217211719723730567e+01
2.931623248662506853e+01
3.185621951584975964e+00
7.675412333828438705e+01
2.065320182465660892e+01
1.147814358269493873e+01
7.472810936712770413e-01
8.944127089316311618e-01
4.418845951686747497e+01
3.445513837893566489e+01
2.885866042550073374e+01
7.010536605766182205e-01
8.429134007080655522e+00
6.862213915915072349e+00
7.640518939010568999e+01
3.395513239597010902e+00
3.652491432956713879e+01
5.496801570142007876e+01
8.742822147780852049e+01
6.293151819422594428e+01
8.320040049673212934e+01
6.676180890768684151e+01
1.932234654026726517e+01
6.838778767890750032e+01
8.796786647650246493e+01
8.686046215402640769e+01
4.866825698972345293e+01
1.997819205478621996e+01
1.390926229809082137e+01
2.596793109966362323e+01
6.448805106571446899e+00
5.998121940752228198e+01
6.583150876191558609e+01
3.737986642618483302e+01
2.160973813725529880e+00
3.789648898428766444e+01
3.444751585522921999e+01
6.109299574486908568e+01
8.967403353696323620e+01
4.057910649224827182e+01
5.364512830877310989e+01
3.150067869689918965e+01
8.548488453279449573e+01
1.848284483958416713e+00
8.175094966871012048e+01
6.070931580167789576e+01
2.262246115091116749e+01
1.494273970114960903e+01
8.742287561605809287e+01
7.408135687421452076e+01
5.319547000396860170e+01
5.157434819149904826e+01
1.472254119619036672e+01
2.831972921929310161e+01
5.763047831400397314e+01
4.926988165493868621e+01
4.415971950287672598e+01
7.456168454729841244e+01
9.233655684235612782e+00
3.688366473030182391e+00
5.773606003692167832e+01
7.643162867304316421e+01
5.644052355736029369e+01
7.876855833699951859e+01
7.339901595789169164e+01
4.713337441176810216e+01
8.695405941123875948e+01
7.437749301750806730e+00
3.519346186836992274e+01
8.298601291181566353e+01
1.202657105720670927e+01
7.836420445966147952e+01
5.256973698517281690e+01
7.644742944472426416e+01
2.062077636155792604e+01
8.880273270209141856e+01
5.502857322914319127e+01
1.094130634587947881e+01
7.610429804175019797e+01
6.941516518419493309e+01
7.806052779683033904e+00
5.206846383580727178e+01
1.150129546430297900e+01
4.679799503534875527e+01
1.570103378481448875e+00
8.462754058470862617e+01
5.664692910745117160e+00
3.418888568132375383e+01
4.356754905241648856e+01
1.877487053066394518e+00
4.410641017147471388e+01
4.202586135089620001e+01
8.908812765549384949e+01
4.752629172279632996e+01
7.630482447105091381e-01
8.278659975349360423e+01
6.659300631205492493e+01
4.795748641248359689e+01
5.280609606529291966e+01
7.137432152170566724e+01
7.918378879176734131e+01
4.490420705503179022e+01
3.630576737891824024e+01
1.846331664477732915e+01
5.789478348523866202e+01
6.187009494880476801e+00
7.495960536479132941e+01
4.450408082400514331e+01
2.368347435267325807e+01
9.114249748556520814e+00
5.237536809087966816e+00
9.190500162319084509e+00
3.969850219029189731e+01
2.303093380624442332e+01
5.628946509723747660e+00
8.499786436043859794e+01
1.345852112663112443e+01
7.289222165039265633e+01
2.230438528998828929e+01
7.625306047596636461e+01
7.853964069533533632e+01
7.730053622911023581e+01
3.723540198657131839e+01
1.237839777516934880e+01
3.865263816499344784e+01
7.253219084915043879e+01
2.441858536475113794e+01
8.032323032138860697e+01
4.895132219844046517e+01
4.213692178598982707e+01
7.316143815701340714e+01
6.555734338207820144e+01
3.833958513078850672e+01
5.564675952396719794e+01
7.734556883495712043e+01
1.128437969901785998e+01
5.188185219884514865e+00
5.524006980966583313e+01
4.078934090960733272e+01
3.470566891254609487e+00
2.325419209939286702e+01
5.037899857246713253e+01
2.512165490423672409e+01
1.186599722547413904e+01
2.577020230853596416e+01
6.649997999805812299e+01
2.383150389220604737e+01
8.470838512583624436e+01
2.367721452152100525e+01
4.588766562345977462e+01
4.249788090578459787e+01
4.422988518585695061e+01
4.199566633669638804e+01
5.515080980319665116e+01
4.300546339927543471e+01
5.314817261865452025e+01
4.714289487698848546e+01
8.680887016472256335e+01
6.379851716185358157e+01
8.648950602679933297e+01
8.041599722043955012e+01
1.152639547985058677e+01
5.601305514204736369e+01
1.561681900755462138e+01
5.281515507754594552e+01
1.971047226993914236e+01
1.772958524431508920e+01
7.948438988783638592e+01
8.998479574652024837e+01
7.335545480537336971e+01
2.537629612443751626e+01
7.182426618567687626e+01
3.075238023664562448e+01
8.728956433840416196e+01
6.761953237422737573e+01
5.965272530248994087e+01
2.755103622317047041e+01
1.821294852152233190e-01
7.396538200463648138e+01
2.005663934743650856e+01
8.637321020480310096e+01
9.307314939137750542e+00
2.830249097203191155e+01
2.895412968398794362e+01
2.044964358571705176e+01
6.573975717216336534e+01
7.056205770549060219e+01
6.008231574337150249e+01
4.662038237817892394e+01
2.143678466617463130e+01
1.679443437542174067e+00
6.681990482571669077e+01
5.483661717272395464e+01
8.673270524383251256e+01
5.007218520928849870e+01
8.215634781538996378e+01
8.849165979207754162e+01
5.207473326124034685e+00
4.708924740558254030e+01
2.751124197540908423e+00
8.487286074681746584e+01
4.118272891713991157e+01
8.829123919504039009e+01
1.075830881721128662e+01
3.052890513508229020e+01
1.122754428982994668e+01
7.037535230045693879e+01
7.086593671157194763e+01
1.997929441528420469e+01
6.276771224634043023e+00
7.460056728152702021e+01
7.570168685597496960e+01
2.448779839184334506e+01
7.793276014281620689e+01
5.961054817313451437e+00
3.550543333552241165e+01
8.192602943436358487e+01
2.223699512747349161e+01
8.824823381691540192e+01
1.662058166569266149e+01
5.503061958223711514e+01
8.766757220865164513e+00
3.211554040125164988e+01
1.009486214537537174e+00
3.881914858528062240e+01
6.814779414558427106e+01
6.114583035116115184e+01
8.245378439048378993e+01
5.822117052323316955e+01
7.186126230251815628e+01
2.389547778813679102e+01
5.693778672120248530e+01
3.568414506420467802e+01
8.821799960303368948e+01
5.226603919381113883e+01
6.113477875002276107e+01
5.602140283567834445e+01
5.696728493580594233e+01
7.157684226508024494e+01
9.230375514420394722e+00
5.664645826860123634e+01
5.488363009561356165e+01
1.680058681442000434e+00
6.837130718355420811e+01
1.467071169647200790e+01
6.877774766968849463e+01
3.985176661598836745e+01
6.016656032752011640e+01
2.071929667496086225e+01
5.755574538530389361e+01
6.944542629301932379e+01
4.189101585284486617e+01
5.544317051717129186e-01
3.606708874779025109e+01
6.653744302568659919e+01
3.166336851938409680e+01
8.631337244508630135e+01
7.185014561433833080e+01
5.685208915788636119e+01
5.374995741480179134e+01
5.656239235079266336e+01
4.272958233599573674e+01
2.095025674409495053e+01
3.982627168740769008e+01
6.571414424111171115e+01
7.893316483155679464e+01
2.651180698739782216e+01
6.255915587860726390e+01
4.451022711840949597e+01
7.072850238099562148e+01
3.970226170837280932e+01
4.701385880198154865e+01
2.906302376283535160e+00
8.810588981303601486e+01
5.922394613392233964e+01
7.273200600860245402e+01
2.264813970580877367e+01
