6.430815782222865096e+01
3.519038648413320658e+01
4.620869741694955124e+00
2.775010522411783143e+01
7.543972414577395114e+01
7.845014712584499250e+01
8.122194696407593995e+01
6.546967717202495862e+01
3.833155185314235780e+01
6.969530648505497084e+01
6.693453149139715208e+01
4.908410812267662848e+00
5.561096405427080924e+01
6.914458783617318716e+01
5.576128327086787806e+01
2.469644695356622677e+01
7.397267858686025477e+01
5.061351974761861783e+01
5.795494601583347105e+01
8.135550430277163514e+01
1.832134761334127404e+01
1.758734710244562294e+01
1.644443862852196858e+01
2.302106038031788149e+00
4.945931350743226318e+01
7.325596445031564485e+01
1.586046690741749465e+01
7.367913545784462315e+01
4.664391804825252841e+00
6.242596672866961427e+01
4.720348726678599149e+01
6.063309704217126495e+01
6.413968412087932336e+01
2.781983710577348390e+01
1.397071543749188294e+01
1.201428791459358614e+01
2.591903721274202432e+00
6.127609495372792026e+01
4.598263266911554581e+01
2.225599000433442498e-01
5.105665042515440177e+01
8.223274689522847325e+01
2.049155310645654282e+01
4.183720660944924674e+00
1.487357802538558005e+01
3.239762055779178240e+01
7.141504533210478201e+01
2.236711009855961763e+01
6.267022481937092948e+01
7.490597979452552124e+00
2.176180539733442032e+01
8.418689425736262422e+01
6.754025032778550042e+01
5.426062513169269153e+01
2.805313859020336054e+01
1.737386615809265455e+00
1.461188237507496268e+01
5.748198327919256911e+01
7.338148999984417742e+01
4.405789197208503083e+01
4.855509674254845720e+01
8.733905859794533910e+01
2.793800837157561645e+01
3.346546622722672737e+01
6.218204923250262084e+01
4.346774779241262365e+01
5.151103935607781636e+01
8.433270143607357738e+01
3.255006014935818826e+01
3.432159746616971319e+01
6.007298859178749240e+01
4.055115747383963765e+01
2.666474972093145723e+01
3.758580387615566565e+00
1.595312119597824818e+00
1.352759093665998513e+01
3.395753788066701162e+01
1.156842764533075218e+01
7.211871496582286056e+01
7.784081365073893366e+00
8.685320255922734134e+01
1.218505070561377757e+01
4.535180702446547230e+01
1.479241676974664621e+01
5.178948045779192455e+01
7.269727059919037515e+01
3.613103427530319323e+01
1.198436369705996185e+01
3.871322011033274180e+01
4.726233043185973770e+01
7.834313313581421312e+01
6.172195169962687800e+00
2.569499689524019814e+01
8.777237185145382625e+01
3.317970331859339872e+00
1.294980477839263600e+01
3.828387445209348527e+01
4.159341951860078268e+01
4.230801199839637405e+01
7.088669043136264225e-01
1.710659473581170431e+01
1.906735045137978801e+01
8.547434929123993186e+01
1.212056894332850376e+01
7.817420404434784587e+01
1.381907113718854330e+00
5.650307129881736046e+01
2.027278086655058331e+01
4.057926095328853222e+01
7.536465055275161262e+01
4.461580234017452540e+01
5.516443285973834065e+01
4.844389778450330653e+01
5.683551740818228382e+01
1.268945254199118544e+01
2.567070187750488941e+01
3.262625996263854944e+01
3.467389378293839197e-01
7.906870410123696047e+01
6.047089552449197924e+01
6.096423388374883245e+01
5.808114857457609048e+01
4.115989438068806550e+01
6.383121714849279016e+01
6.218713274725228501e+01
5.481456551493413798e+01
5.957942671048947858e+01
1.486457755421445803e+01
7.968561451667805784e+01
7.285128673277981193e+01
5.997720587323449593e+01
4.219405142508204420e+01
4.654760862239444208e+01
8.403172894028088535e+01
4.523890974251834507e+01
4.685514460281699201e+01
3.629280034716638426e+01
7.402653671583200889e+01
5.336552663819423969e+01
4.773175449044429541e+01
3.503958167739651230e+01
7.770117782890508806e+01
8.354837011378639033e+01
5.422352793405851656e+01
4.760424734776264444e+01
4.926079301742469774e+00
9.536005939499125006e+00
5.432482798741190777e+00
6.036366163663595330e+01
4.445407418355463136e+01
4.995040707774656852e+01
1.013346779667383402e+00
5.881685435085189084e+01
8.137652590589102886e+01
8.879010531830574848e+01
5.369651225313178600e+01
1.474888313718234834e+01
5.496972662730944137e+01
5.957986986494825743e+01
2.981258348958620985e+01
2.981820691912235688e+01
5.238696037336440980e+01
3.171156899340056867e+01
7.045599676874472550e+01
6.919235862277400884e+01
1.052572781328652596e+01
8.573100199416582967e+00
8.966763054982699543e+01
2.227229874770356943e+01
6.811058380614991847e+01
3.586985272185910389e+01
5.773446960678660389e+01
9.579141042462262945e+00
2.884835777201601204e+01
8.957734167218357868e+01
1.477064545543875518e+01
5.637056955546081127e+01
4.011565221999530451e+01
5.017130309136817345e+01
6.000862888616845225e+01
4.323245901033146055e+01
8.891294773087930992e+01
5.341549734528381066e+01
7.966794810695162710e+01
4.811021765871666389e+01
7.302745961679791620e+00
9.539435875118829955e+00
3.929104692351431538e+01
2.039505727581717665e+01
6.014157120482506969e+01
3.772218811854877885e+01
3.890969320184375846e+01
5.291117841748341277e+01
2.938851339694963372e+00
2.686779742022926953e+01
4.560410234913529592e+01
7.459150508317873296e+00
4.497832914133780235e+01
2.093575850397388916e-01
1.813824012951693021e+01
4.044764431517299386e+01
2.107540005123835414e+01
3.572347341158649670e+01
1.041225119749415029e+01
6.069759329827576266e+01
3.322328082444493447e+01
5.789800716608407782e+01
7.731638370456505527e+01
7.431119038312995428e+01
2.658605356907183648e+01
6.449413112229906631e+01
6.983439455046864452e+01
2.625287896634978324e+01
3.833126957195734263e+01
9.438491463255152425e+00
6.557579260375167962e+01
5.854902816832778001e+01
3.901149231688997077e+01
6.809824337591655308e+01
2.435804159092121779e+01
4.307657136948929377e+01
7.235264376785696072e+01
5.015519706322713489e+01
8.966416718198946967e+01
5.856644167722399175e+01
8.530939523361769261e+01
6.265378125935212950e+01
6.398874069510020490e+01
3.294595514210091558e+00
4.321619293163470132e+01
5.849216205214678865e+01
5.230017338082411271e+01
4.175358839521242516e+01
3.653549404951016299e+01
2.005245051646997112e+01
5.685798606876551808e+00
3.240457490324285317e+01
7.171337385142177823e+01
8.737283338005404687e+01
3.810151663338422878e+01
3.179513197736566710e+01
1.090381779280508923e+01
5.230807210520590189e+01
4.048813114922062795e+01
3.079944611462507531e+00
5.056435377799638076e+01
4.242556821459839966e+01
7.996876990718548939e+01
5.694980934136104622e+01
6.677820842096535614e+01
3.437834485359459791e+01
4.064621584221069561e+00
2.447868005105360822e+01
4.510236601247651578e+01
6.185651968288178537e+00
4.983024487349032228e+01
5.713167844528915396e+01
4.677413560249870272e+01
4.992988271426711577e+01
5.340706067620057240e+01
9.569257440402994419e+00
3.044995987335939347e+01
6.551576020399001266e+01
4.127247362477000081e+00
1.405578211255922838e+01
3.456586198586341396e+01
7.363017432982502442e+00
2.051614191012021848e+01
1.285074426590069940e+01
2.463117864808962310e+01
3.519798861992617844e+01
3.091588630172522301e+01
2.282208927639689477e+01
5.445705015860470155e+01
1.253375615926063880e+01
7.687457715315071027e+01
3.210555958109249985e+01
7.318330771367249099e+01
6.964450203097308645e+01
4.149040361410217770e+01
5.989070802422460815e+01
4.755637948502381107e+01
3.099878717405607276e+00
1.587166884774909370e+01
4.566279871033362525e+01
5.117520565957315881e+01
3.624777469110975403e+01
6.331698373218717535e+01
6.616225015200529747e+00
4.981305046440493101e+01
5.723282047122859595e+00
2.914927755930478526e+01
4.527690230674846994e+00
8.932471448610722575e+01
9.340962527261382320e+00
5.518249998393466171e+01
7.131681754889343949e+01
1.396762985673910862e+01
3.951820059325662982e+01
7.213596955790451659e+01
1.572765339023770892e+01
1.438328075703071462e+01
7.754349692975056030e+01
4.902544874968604027e+00
5.577054133653729906e+01
2.720717901537149785e+01
3.561050314028072705e+01
7.435738557434996210e+01
5.959910668240997467e+01
4.268531327323483282e+01
4.975871084829234547e+01
8.174071648881931651e+01
6.537271035319903945e+01
2.718105395399138402e+01
4.510966121996672484e+01
6.103635557420948743e+01
3.355115955561356600e+01
3.263782613602759142e+01
8.447988783471220131e+01
3.548879157273793084e+01
4.603196339068265530e+01
2.176429892537346689e+01
6.798862304594752004e+01
5.343888564575259181e+01
8.354956254027964491e+00
8.622676635979964033e+01
5.411732763486387654e+01
5.863512919136404378e+00
7.935969935454323831e+01
9.272008871754092496e+00
5.039750964784044385e+01
3.005425218555425815e+01
1.956169173364316549e+01
7.730387215506779341e+01
2.020436510018818765e+01
6.642235707183589000e+01
2.659685639921320899e+01
6.542724089058005177e-01
4.061335272427352550e+01
1.734920918627882713e+01
6.189463389366099477e+01
7.012235325903047567e+01
7.006676938121069043e+01
7.517712114939547519e+01
7.923237456698952030e+01
5.047186738378171000e+00
8.923366175572687098e+01
3.522040157628661916e+01
7.200911082605553304e+01
6.813793948782432608e+01
6.300761235103664859e+01
7.913100691314001267e+01
3.159007194062121826e+01
1.604347106352990693e+01
5.841021902141166677e+00
1.856892732301609428e+01
8.822997208988296336e+01
6.821065177439569993e+01
2.772208823267573408e+01
8.016020661395512548e+01
2.920080428775003867e+01
3.162756726472955027e+00
8.864095589186862867e+01
7.231578842825314268e+01
1.207770716888916951e+01
2.844896744107527020e+00
7.136194749471211196e+01
7.734607782563185197e+01
2.188048617457484468e+01
9.855432722596189521e+00
3.071950173954013152e+01
3.170943901742002424e+01
8.527179092099549962e+01
7.981905393088860023e+01
5.809782102307625706e+01
3.160292301253544878e+01
7.916334236055402584e+01
8.969684497393251021e+00
8.297476159952553587e+01
5.147296850137977486e+01
3.523704711401948231e+01
6.430138040127229715e+01
1.932403023834755373e+01
1.760204864996590146e+01
4.641782817804125472e+01
4.765387726601287000e+01
1.390290654373678692e+01
5.287675777304355051e+01
4.228668712728535439e+01
1.635888429059868798e+01
6.847668057946472686e+01
5.131425716160168804e+01
7.666996102624046294e-01
1.518238525219046942e+01
8.744572763796853110e+01
7.498927072177110631e+01
4.639627523160000599e+00
7.258269967747214935e+01
8.410443386455798986e+01
1.690328553507348985e+01
2.542395624273058274e+01
5.998579063888436735e+01
5.100171643435702507e-01
2.899201305895979885e+01
4.095503922938149088e+01
1.416468454263771015e+01
4.806048036981847815e+01
6.689895673842742951e+01
2.497769188037626265e+01
1.590706727046187474e+01
4.332108700025134596e+01
4.438168336872325881e+01
6.480362911903223733e+01
4.201121520087786365e+01
3.769044289430156880e+01
1.801098519968310541e+01
6.799379849124008501e+01
3.019311703531712610e+01
2.876995383018735453e+01
4.206743854121028647e+01
4.973041901011873733e+01
3.368089119529158459e+00
4.095183664158879111e+01
7.279453219249933227e+01
1.376270152777262368e+01
3.203949322416663392e+01
8.658749885083784292e+00
6.456405527016927692e+01
1.697747865716051763e+01
5.779353389681884323e+01
6.253020574300736456e+01
7.594955016867377395e+00
1.224109438117895010e+01
3.659271284841074134e+01
7.099123704329983298e+01
5.184804770623762238e+01
1.894633797990508128e+01
5.254586407828902850e+00
1.359692326480767832e+01
6.567488264661334085e+01
1.084777169543756914e+00
5.793828150767759411e+01
5.972331675499930270e+01
4.198869563194980259e+01
3.108452753640255040e+01
6.672413543140254433e+01
5.817119996448610664e+01
7.989390949439335543e+01
5.623212123519396499e+01
3.694822495636570636e+01
4.468848208806601008e+01
6.238636686418610822e+01
7.469626049400443435e+01
8.135565608089635248e+01
2.510883242909197399e+00
4.659530611962271962e+01
3.125539865520297056e+01
3.081812518737508100e+01
4.538017358275292423e+01
1.249005576305176612e+00
6.518069426346599471e+01
7.160502166123370671e+01
3.798019846314040393e+01
3.548670820498540479e+01
1.510863424529104115e+01
9.813745116310290229e+00
7.847145527805220411e+01
4.704470839574657504e+01
1.114916721157050716e+01
8.533413860248687755e+00
7.874482300098355836e+01
4.611015682587664344e+01
2.404116302853569476e+00
2.341802459117611335e+01
7.505371153418722940e+01
4.878988700675097334e+01
3.148104682078828986e+01
7.931170972494636828e+01
6.483044943911316693e+01
5.784255899105508547e+01
7.201913995023739190e+00
3.798176061188951280e+01
6.833977123765292561e+01
8.046166273206468134e+01
8.825482901368536659e+01
5.758315161682013894e+01
1.701639113030031236e+00
7.417070242235584487e+01
7.796090461631764867e+01
6.982247217145805962e+01
6.266855338848260715e+01
8.676055082449624933e+01
2.644064905646147068e+01
1.281666511379865447e+01
1.518248687367140981e+01
7.431264453943747128e+01
5.422265270154593253e+01
4.428356586066688294e+01
5.256505700707695183e+01
8.472807335674382045e+01
4.913626397287935532e+01
1.915088297322738953e+01
6.797143688461393385e-01
3.715711081741670796e+01
8.943768999926885499e+01
7.987446489576018394e+01
1.318364835126950574e+01
1.508068174743548617e+01
6.465132656559015345e+01
5.948193392410083646e+01
9.424431562352781455e+00
9.014652280475651480e+00
6.485140811688454221e+01
7.627285470475922580e+01
5.673971947438104735e+01
8.986702827719160069e+00
4.654116888937760876e+01
3.979902685767366677e+01
5.508976477749146028e+01
8.746772180070396985e+01
5.308178391996286827e+00
7.161266671242076143e+01
5.691321108774023685e+01
8.918700756964247489e+01
7.652394249417554306e+01
6.029253597923379004e+01
7.409051485008762761e+00
7.751932270748679343e+01
6.237410084388782394e+01
8.549376107459897511e+00
8.644752508063884733e+00
8.089430022647508167e+01
8.350609642759070539e+01
6.362377739501983598e+01
2.826822552027204338e+01
7.099741544473984334e+01
2.098753287834907511e+01
2.922708242934792366e+01
2.149609271605886818e+01
4.859907496357668322e+01
4.920008502080189317e+01
8.613264966906598374e+01
7.723460010136659548e+01
5.674508736231957329e+01
6.183370516899983471e+01
2.325178331611036953e+01
6.152654585857352032e+01
2.685606518146430588e+00
5.947989734607262591e+01
4.983642545455682971e+00
3.216049606782130610e+01
5.939177834880224793e+01
4.274674976677839311e+01
3.032816806180177949e+01
6.421600694453456981e+01
4.385803267648893922e+01
3.171290562868303198e+01
3.590121993303924341e+01
4.765169171905198198e+01
4.852368361846132672e+01
8.889332014388128300e+01
4.335578610755820073e+00
4.295640494833453005e+01
5.488613915028293633e+01
5.058311520143526252e+01
9.713624047757402735e+00
5.413952090765108238e+01
2.229880922985768876e+01
5.564682441258933210e+01
8.639991534164502696e+01
5.055784596442185830e+01
2.922962556191720296e+00
8.128680360297131813e+01
2.159772798435980334e+01
8.983755978377173790e+01
1.863113755773357738e+01
8.714889452973321227e+01
8.491842924715749064e+01
7.390144545696698231e+01
5.064813211017576755e+00
6.258759153981115020e+01
9.626618806244787052e+00
1.780970447121707423e+01
4.695680245738393666e+01
6.432759994627653555e+01
3.797750888082917697e+01
6.468107687561749231e+01
8.871811981519485357e+01
5.246436681559523407e+01
2.717105659868937195e+01
8.794544622389453892e+00
2.792917075666986904e+01
3.161164166549440324e+01
8.815369959591228621e+01
4.074477197690015373e+01
7.989915896225377878e+01
2.961753944793948179e+01
7.301745046164292319e+01
4.502242663219148966e+01
8.007415567594512140e+01
4.949367145575370586e+01
5.001218471248835584e+01
8.203326286932135503e+00
3.810580168469386564e+01
5.358786937512707027e+01
2.880755630284143365e+01
8.801693782715882719e+01
1.763363708846147659e+01
4.105627901076490360e+01
1.038488737320499844e+01
6.357209986287280401e+01
8.248889375975146265e+01
1.606949359528548982e+01
4.106566164169106514e+01
1.683886124985297172e+01
2.129622873585228504e+01
1.683817174656392979e+01
5.865611095618045567e+01
3.573456405478999187e+01
2.179093989107246543e+01
2.169006506215807040e+00
2.662331440438771679e+01
3.683815933300445522e+01
5.768947587408435140e+01
4.063298067564928573e+01
6.808519077354192461e+01
2.782082906591237403e+01
6.692765364399818395e+01
5.582007186576107216e+01
3.529347689196683291e+01
2.559036936691573061e+00
1.488929608711791275e+01
4.338546885664550956e+01
8.742660876926744606e+01
2.951302521541607504e+01
2.505882385469523399e+01
7.622712902554584957e+01
2.099229852464917201e+01
1.271916747166114980e+01
6.939729774191121692e+01
6.689459596614671000e+01
3.903842981427123249e+01
6.222841973100707236e+01
4.059407361033544959e+01
8.249459608837621261e+01
4.598029716070547579e+01
4.231358970653692353e+01
7.648053996520688180e+00
7.327874366091919001e+01
6.533676784689178874e+01
7.784833009724083297e+01
3.970427769834910237e+01
6.976025078818156544e+01
2.402022579500957633e+01
8.807082308802154103e+01
7.772841710137775806e+00
4.734361955576782321e+01
1.786057182832809787e+01
6.842384384071826275e+01
2.575352637272325751e+01
2.340566101916283870e+01
8.550803561042759782e+01
8.155370989491532896e+01
4.601163392194038693e+01
3.269946811929823127e+01
6.502396878335655828e+00
2.567610713183877280e+01
6.759496890530972735e+01
4.611891114267427838e+01
6.441330170989829185e+01
5.055713351472308403e+01
4.419328951982291187e+01
1.565712469377557881e+01
7.139040319168084636e+01
8.899954902470011575e+01
4.733041457692870324e+01
8.404578249412605828e+01
8.901897951066843007e+01
8.802571642328145174e+01
1.443649089783461115e+01
6.105606314145359903e+01
1.267059374154424134e+01
5.041401522881738373e+01
7.886422080762157805e+01
6.295406304147659426e+01
5.116644377706766278e+00
3.904618545835081989e+01
2.055189198737167544e+01
6.678757981269082222e+01
7.424961798209631070e+01
4.069357006891321760e+01
5.278159686174368659e+01
3.153201771305069556e+01
3.435930640174758821e+01
5.745503704259254363e+01
4.924840335473544428e+01
2.664797689595371821e+01
6.312409669950537250e+01
2.216985559234885983e+01
5.212001211412817980e+01
8.308470142412268444e+01
7.939296420660824083e+01
5.990969645327658100e+01
5.340764902257425462e+01
1.292519766481290944e+01
3.409157526717273612e+01
5.926080444892241061e+00
7.207584283444109019e+01
4.568969741172158905e+01
2.274991623018387532e+00
1.049876754133990531e+01
1.511011308155718602e+01
8.827103298578367685e+01
1.570351182448449023e+01
7.464643735145396697e+00
2.783614121829300458e+01
4.251767366400421366e+01
1.123135650270840991e+01
8.511438639048007815e+01
7.093133577487695618e+01
6.962275818307755060e+01
7.688612260080370220e+01
3.373450968660279869e+01
1.442562671402392382e+01
4.014930280176582755e+01
7.543593188877672162e+01
5.135625124229702720e+01
5.396740043873059278e+01
6.977353814808074617e+01
7.020449023512253461e+01
4.950317075360019459e+01
8.016242153941840343e+01
3.399250163301795169e+01
2.105512387988904166e+01
8.179862793302389434e+01
4.952515434616194057e+01
7.133787245295336277e+01
3.947075404184242586e+01
2.035998684177586782e+01
4.126854053556419899e+01
6.124284307433427443e+00
7.178372565277817330e+01
7.604376952274130019e+00
5.018764416638563830e+01
2.010611730628496829e+01
8.913667721856747050e+01
6.656516325816592428e+01
4.622457998962308068e+01
4.089087106977126496e+01
1.146768899082250748e+01
5.967532233530049979e+01
8.522001051898686796e+01
2.696248706504589876e+01
4.265141313260726008e+01
8.762893194712806633e+01
6.321096828169890358e+01
3.654188743865279321e+01
7.606580474021508564e+01
6.366340935576058513e+01
6.935354332731503746e+01
8.209975769070400986e+01
4.957229695721573570e+00
8.252708862666086986e+01
4.919621791878039119e+01
4.703341975299713340e+01
7.537524295736426438e+01
6.980515952258906509e+01
5.141867752571761940e+01
6.619048193373369138e+00
5.695880710688632576e+01
2.064608209592329402e+01
4.640830674385826171e+01
4.884228920668914498e+01
7.342322025312766698e+01
5.811748683952941974e+01
5.135886843036704619e+00
6.781456472384560286e+00
2.215384837289960629e+01
1.360363444128441657e+01
1.447568831700593606e+01
6.494331653322207387e+01
1.643924422969566734e+01
2.978781034910206671e+01
6.484457540129085373e+01
2.109397200150579010e+01
6.861456323200341956e+01
6.415272489301841574e+01
8.256567599688605696e+01
7.101496834716907358e+01
3.129559830603299986e+01
5.280877921874984793e+01
6.974995488280714540e+01
7.793411597888808728e+01
3.120416141013103939e+01
3.211148666870231949e+01
4.573138609264502463e+01
3.524986851227043161e+01
8.135726419569881784e+01
8.110643148560063764e+01
7.550219044681490743e+01
4.044636502522362775e+01
2.616185508965932272e+01
7.885658738013142965e+01
3.784018412581045254e+01
7.295977312220074396e+01
4.404270164968666279e+01
5.670008986898870340e+00
1.825411586318996271e+01
5.127488717452123979e+01
4.677441080834987730e+01
7.711359152172199138e+00
7.306988092740040130e+00
8.701366388077761371e+01
3.790581016899778888e+01
7.735042026670073767e+01
4.355826906377344443e+01
2.472825942150090839e+01
4.284747505547463930e+01
7.941431564114292030e+01
8.965523221285664590e+01
3.612062919433063257e+01
8.401776072866108791e+01
7.243352302076802118e+01
8.500210507916766289e+01
7.817032292723487430e+00
3.524949930370121365e+01
3.507619396223794261e+00
8.920672700056823601e+01
1.684650329883843511e+01
5.360617751968581146e+00
5.546850797132116639e+01
6.676715972045046499e+01
3.585458492873131320e+01
7.243766219399307715e+01
5.975393947217413171e+01
4.887394420453938793e-01
3.931069983786310473e+01
5.101141411320468677e+01
7.463045330534056632e+01
8.402597144662028938e+01
7.030966672978267695e+01
5.049517806802338526e+01
2.203907510081277721e+01
3.516411264491499367e+01
3.666525849427643635e+01
9.565189911888927199e+00
8.834152081950290381e+01
3.877634920270278673e+00
8.541901355107215466e+01
6.913363670860040600e+01
7.175094188255397398e+01
3.792766171632707994e+01
6.035240607624118780e+01
6.448198593362225495e+01
7.458246833654075658e+01
8.663536509648372430e+01
2.261289951397341014e+01
3.332154600796793886e+01
8.653919208760932236e+01
5.333950724613011118e+00
3.418078732325118096e+01
5.692967861554071618e+01
8.798101528007359207e+01
4.584642344372225153e+01
8.113214853533858673e+01
8.662427804426054934e+01
7.575161599112371391e+01
8.794570313166416042e+01
3.043247264009018238e+01
2.655316689939975561e+01
1.390111421911665524e+01
3.995234600864853292e+01
4.223482203151682057e+01
3.877862814029746374e+01
6.802968951353402360e+01
4.633017631728590402e+01
2.298960073447386065e+01
2.305046662582779504e+01
8.884491383711412027e+01
8.054563160848634595e+01
4.953618739453943931e+01
3.474870341243607896e+01
4.339220352111421164e+01
5.539974056095515920e+01
3.434054484492393300e+01
4.767743782557384691e+01
2.145139838506243990e+01
3.888355261313223821e+01
3.961183793767537509e+01
4.675217770078319290e+01
7.459493387478627113e+00
1.465958868628133294e+00
4.873980818962598960e+01
6.130127645915028722e+01
5.644190089455591419e+01
2.160406557156295548e+01
1.404390697521826148e+01
2.182131528769471984e+01
2.953303534976076961e+01
2.550419000628025401e+01
7.510445425178943424e+01
1.392720054608513003e+01
5.826250924521096408e+01
3.440304619324928481e+00
6.215189244266166213e+01
6.113010694293210179e+01
3.522310470875820165e+00
5.961084346196596329e+01
4.646970070865415892e+01
2.984951215537657276e+01
1.501254970102272601e+01
5.294351384575520569e+01
6.500791129780117217e+01
4.410734463843885322e+01
7.692956182480999416e+01
6.255591332997236265e+01
5.003601963449188617e+00
4.419392253871652798e+01
4.023006186867628031e+01
2.462651135796809854e+01
5.614894861668513215e+01
7.709163549080633970e+01
5.076435492582044162e+01
1.252792130519004132e+01
1.578779651935355055e+01
6.723292744665267939e+00
6.542236967250312318e+01
4.598108556646828049e+00
5.546867868977471971e+01
2.595100919567961384e+01
6.187882324409618207e+01
5.525202163346482820e+01
7.023564685886894665e+01
6.230326671437460107e+01
3.919347671952896661e+01
8.792465553548824175e+01
2.350421367970551145e+01
6.572635727888400936e+01
4.844234067541394495e+01
1.558567572396192702e+01
2.585035094827036772e+01
3.685915634680055319e+01
1.201127306720659593e+00
5.979185094467423767e+01
1.425125973443841332e+01
1.225858511622087299e+01
7.377369643085695827e+01
5.593693349316740893e+01
9.464690192583345763e+00
1.668773411720468403e+01
6.413840521504971548e+01
1.615393890054396664e+01
8.821950883733325099e+01
7.165168619794674498e+01
7.296862841145139100e+01
3.344096054336449697e+01
7.150953238365659104e+01
4.690419273938799449e+01
5.007018519592778460e+01
1.108933941581911498e+01
3.784655165023526990e+01
8.068544675495228091e+01
7.788700778798794033e+01
4.742512616114061075e+01
3.587663520515726390e+01
8.776400238457735270e+01
8.984882357114042861e+01
3.658051831325411030e+01
2.203709590108070060e+01
2.751888938082786495e+01
1.138227547074072277e+01
3.870121136264607742e+01
8.634735402203725130e+01
4.887841982611091396e+01
8.423240314081454017e+01
6.965775355579545192e+01
6.460873493034243609e+01
5.048821608292018936e+01
9.561440846068136601e-01
1.814651514055311665e+01
8.423207410779920679e+01
2.057823162764108815e+00
4.847600177440538971e+01
8.816530880368864587e+01
6.736439971167722973e+00
3.450043780281195893e+01
3.376321855444667364e+01
6.227165413374621750e+01
2.626531819843801330e+01
5.688617319050813137e+01
6.706526348970371032e+01
2.301734842875729470e+01
7.078034243639919509e+01
6.677640065417448056e+01
8.191196855438067814e+01
1.506054276156790017e+01
3.858924774310953154e+01
7.544386942058747536e+01
1.023020387598062975e+01
5.270003219074202860e+01
8.709872041698160672e+01
6.623292572951663715e+01
8.753035869302495087e+01
6.203306353274071228e+01
2.038444659161865147e+01
6.111166937874546079e+01
7.232872373237104568e+01
1.908892017164436083e+01
3.794643405056717711e+00
4.581071589775896769e+01
4.738198463074331102e+01
4.180256669703926775e+01
5.219929122230322349e+01
3.819116350398540760e+01
1.597810169631431876e+01
5.021619850185269485e+01
6.975891090558970120e+01
6.156080456690591518e+01
5.067398666136688234e+01
5.517185320807116256e+01
6.907414795607388669e+01
8.869784104558870297e+01
8.592298576236711938e+01
1.838206089861215276e+01
