5.222184074908819440e+01
4.006613473906084266e+01
6.847526040440961026e+01
3.596897512109599404e+01
1.007993721891847549e+01
1.008173392837054294e+01
8.518683244377153585e+01
2.012100676975184044e+01
3.670821951881291056e+01
7.312692013863952845e+00
8.929490040690691899e+01
5.381440818405962290e+01
2.299962563437293994e+01
4.539307398708898944e+01
7.944764064938988213e+01
7.285622528640760542e+00
8.000923926043334689e+01
6.523237358868425417e+01
3.074655811922572113e+01
8.374852599999464076e+01
8.733459447181849100e+01
7.660811005328199030e+01
1.720312532028338026e+01
1.623964480824436052e+01
3.662969487338479979e+01
7.741020657123027604e+01
4.445414041975267594e+01
4.428649696428681892e+01
5.185952262009698899e+01
6.694771799718954242e+01
9.780886865633194205e+00
2.995871047292434142e+01
7.346483157937474573e+01
6.085321732000642925e+01
6.312932826028737310e+01
8.660612333334768209e+01
6.309648979674710745e+01
5.869869944732981537e+01
5.027952486196911508e+01
2.943040366415685671e+00
3.998017216250472927e+01
3.661531742589060912e+01
6.240307082039139175e+01
4.485017548293448897e+01
3.061672214935067160e+01
1.256510382234542256e+01
6.996525078562738642e+00
5.876765371247873304e+01
8.279857452459107492e+01
1.935449005976859027e+01
8.968970344469663303e+01
2.969308557169615881e+01
3.443832233176964763e+01
1.305489210660680399e+01
4.026981459230133176e+00
4.080474946669159664e+01
8.031038665139759303e+01
7.630073020952099228e+01
6.250886859274552165e+01
1.087920038076825513e+01
9.102883745712857078e+00
1.036741251036777456e+01
5.915726567114703904e+00
8.036125890776631309e+00
8.155098344970922142e+01
6.073283377631199897e+01
3.357817370075657948e+01
6.954403126056024576e+01
2.904506174667052676e+01
4.565182966255778041e+01
7.396927754140376976e+01
1.370038219300861471e+01
5.829823235568123607e+01
4.939735021268786852e+01
8.870914529608543830e+01
7.329665293232970669e+01
5.486061880557559789e+01
8.737820860876092866e+01
8.308559867389628550e+01
4.815806925252839932e+01
3.015947447321982011e+01
8.176837696894133956e+01
3.619186208445858455e+01
1.008275321681069414e+01
5.994722409317745360e+00
7.283110523585484941e+01
3.555749818716324739e+01
2.695706672325326281e+01
3.635160370879430047e+01
1.192303658102328257e+01
1.852139696510306166e+01
5.842598372633199233e+01
5.374405257887281806e+01
3.871945603672760683e+01
5.354926650029112523e+01
1.978342575184819196e+01
3.759770623168606107e+01
8.482624790100398116e+01
1.251904370924871124e+01
3.905975019765538292e+01
6.991960572641974636e+01
2.918776071775570102e+01
2.277681255356240442e+01
4.734873498543548465e+01
5.589340607889230483e+01
1.608199563733177229e+01
2.940408791238504804e+01
4.645836535481044649e+01
6.891684475613894278e+01
1.639386363802395508e+01
2.187441201270456936e-02
4.171256597569567504e+01
5.432248059431281462e+01
5.756762515988037876e+01
5.252336893229038139e+01
4.766827507272783038e+01
4.848436580421327591e+01
6.621154559513499294e+01
7.787389641717632571e+01
8.220694657685724849e+01
6.110122429912305364e+01
8.427087001280439438e+01
2.503972023422306847e+01
8.065673362199855490e+01
3.190195272199435550e+00
2.261524463603572244e+01
6.986831107487439851e+01
3.406607314126493691e+01
5.218488220135179034e+01
3.322632318918863348e+01
5.896047487442606894e+01
1.097217954074886492e+01
3.926735596148957796e+01
8.274032724820777673e+01
1.686906961725370380e+01
8.582841982643394374e+00
4.972627512659691718e+01
8.597332922019856483e+01
8.500354789232110875e+01
2.620007911438200310e+01
4.511074810476750230e+01
7.420034807960344381e+01
3.701876924533604551e+01
2.584905948433670275e+01
9.437704336997308374e+00
7.982353389991349957e+01
8.762220750175005435e+01
8.886783743889540688e+01
2.975754442319880155e+01
2.348935382556215146e+00
7.982347305753709321e+00
3.449072888601035203e+01
1.903192324460527374e+01
7.513575543427045034e+01
7.467699815617363868e+01
1.214834442427465788e+01
7.234913621637834069e+01
6.734717457910720384e+01
3.732670700080245751e+01
6.436375787513566138e+01
6.798457520553881750e+01
3.487491838904663410e+01
6.726063238605060235e+01
1.797207490276044695e+01
6.055433693256874506e+01
5.279589471480510099e+01
8.790404985032111540e+00
4.970857242098721684e+01
6.871826343403284909e+01
5.401338249265168479e+00
6.667026485829036631e+01
2.915434416156727337e+01
6.302472303936973219e+01
1.443485733568834739e+01
8.292921095566475742e+01
5.055406205127397357e+00
8.300763167802476516e+01
6.979653547349629150e+01
3.767724529970697489e+01
7.189896806893185044e+01
2.158667691460689486e+00
1.304189176467202849e+01
6.445378388357990218e+01
6.601621713141958026e+01
1.993999259323049955e+01
2.209931086497557118e+01
4.777042188291523672e+01
3.479352077734758097e+01
8.059096734570830733e+01
7.966839789155524265e+00
4.603186027389281954e+00
3.049533507233732621e+01
5.020592407615103525e+01
3.155401419246178563e+00
8.447196748254174281e+01
1.349911089980346546e+01
9.227413644559840478e+00
7.129403434289095287e+01
7.235397167694655707e+01
5.072707847486631749e+01
1.663774794440108451e+01
1.374013728527440392e+01
3.246425665556143514e+01
8.170110236684806182e+00
1.847835171213980132e+01
5.122041335155664399e+01
5.086860574429044490e+00
4.783405898389892741e+01
8.436546073470678664e+01
4.174955966360700188e+01
2.486581504338182214e+01
4.771071184474087090e+01
6.538943320300376172e+01
3.764977571950228707e+01
1.386406289264865777e+01
5.583801683439102703e+01
1.817369595509477520e+01
9.844042217730793354e+00
5.522482517406469782e+01
7.585830181406730333e+01
8.824492879424208525e+01
2.379882085557282423e+01
7.147216080788106751e+01
2.393813897490244358e+01
4.756424576647781066e+01
1.936598954590300536e+01
1.417504615533265344e+01
7.228744175969714547e+01
6.258685981896917383e+01
8.630774954547388234e+01
1.693108906248196632e+01
6.561685312658974567e+01
7.025392992465911846e+01
4.009641154482422820e+01
5.291986727413005553e+01
2.663544549631699709e+01
6.825653021364703932e+01
3.117936664335673669e+01
7.318820861927507337e+01
5.175719051205416577e+01
3.257516313240236272e+00
4.941906797624159964e+01
3.090882253179209371e+01
6.952907204890189519e+01
8.336801659752873661e+01
3.306507885620815212e+00
6.280034164731787172e+01
3.656221115674176758e+01
5.251135707547786069e+01
5.703413827686345883e+01
3.276880609383216836e+01
5.801188741481735889e+01
9.624316979719571563e+00
7.314384635709652116e+01
2.894733339066038980e+01
1.371221339586105437e+01
6.294116914490403047e+01
1.218295893819532072e+00
6.316900052351051187e+01
6.498421649073726769e+01
1.286813821359689669e+01
4.232504548550019052e+01
3.108572373013636891e+01
6.920913027624744984e+01
8.083231228724187645e+01
2.300102645799582746e+01
5.375138943268313341e+01
7.533263753301942245e+01
4.493427467828627186e+01
7.253519247886941912e+01
5.239021778554160136e+01
6.784766519691189046e+01
3.973659457761347102e+00
4.387919344195017857e+01
7.756626658458365853e+01
1.294972140394379068e+01
4.620754567245751332e+01
1.870328575758482970e+01
6.669725356671982297e+01
4.578923193378343370e+01
8.412941347595915431e+01
4.711898711105824589e+01
8.177255127516028210e+01
5.224503967341878052e+01
3.930465791340542125e+01
2.984071948781776840e+01
4.188005180202407729e+01
3.326135450410739480e+01
5.557831855186000780e+01
3.145614969929080473e+01
8.004270206836439172e+01
3.608924580803446958e+01
6.262460840799689521e+01
3.035142888650747395e+01
8.084439680667327366e+01
9.295069327924244007e+00
7.471882157287978998e+01
2.145168480581707371e+01
5.609733326103389572e+01
4.113460274594940813e+01
7.854387271194735831e+01
8.682833292157127403e+01
5.689356212404305069e+01
8.452198621667658074e+01
5.406111947061662448e+01
3.265687117810283269e+01
7.065548857228860413e+01
3.471242471443077449e+01
6.206454494975018576e+01
3.881439377002381264e+01
2.898337890298657271e+01
6.453067683069154725e+01
3.163457240949678706e+01
6.456252968166152684e+00
4.743756054517790943e+01
8.056776630760714397e+01
3.127513246095507782e+01
3.499474353829806006e+01
1.342836762211207180e+01
4.899622175524771706e+01
8.857436366808433093e+01
8.063278038678481607e+01
3.336818875646603288e+00
1.853226685011383879e+01
5.322056828401878903e+01
5.150693825788801661e+01
1.620767192997315220e+01
8.661155126174080010e+01
5.071900929022346816e+01
3.162799761029255663e+01
4.060698174890016787e+01
4.165411319561857084e+01
4.131202572830039088e+01
2.583115141109846746e+01
7.254153364852946595e+01
5.531443047611836761e+01
3.917039300736308149e+01
6.626346358190101427e+00
7.044778255837358927e+01
5.209237123644486189e+01
6.824517430108002713e+01
2.861790540760134860e+01
8.179387098384928834e+01
8.522136654435253433e+01
8.304860310328393780e+01
8.592315148149766912e+01
8.396499912922573117e+01
1.937392367492248724e+01
8.833065907465767808e+00
4.203583428611240436e+01
8.221229093656734221e+01
8.336228347577689135e+01
3.658731862681047886e+01
1.881297137862501501e+01
2.992297639333811432e+01
8.634968858325191832e+01
1.099738009132731342e+01
2.293164821216147331e+01
1.129277942112817401e+00
6.404709329034587029e+01
3.217826543913971449e+01
4.750368970518782419e+01
4.643911068362562133e+01
8.880706168179146687e+01
1.962488917864008187e+01
7.120054804809559812e+01
7.655501265860124249e+01
4.976619995478951353e+01
3.352494351570336484e+00
6.291362495222099938e+01
7.028429968248984139e+00
6.502442808451616152e+00
5.308042280823462988e+01
6.725828264219542163e+00
1.894396578792442298e+01
9.510409546138454129e-01
2.409682403109418303e+01
2.963518829975897617e+01
6.790634823951019428e+01
1.040473856227022509e+01
1.952888250015792337e+01
5.160757967635967169e+00
7.411629391784725840e+01
8.727999508306247378e+01
4.071073370515064482e+01
6.936614143628614215e+01
6.185296521951953963e+01
9.087015693664277194e+00
5.022593787763104700e+01
4.717436639852130043e+01
5.535636843840144650e+01
6.796240545216949158e+01
4.062182965398871204e+01
2.239592577265672446e+01
1.128808403500693203e+01
2.588743649431051352e+01
7.830021390059353337e+01
8.820675217091371678e+01
6.847248331140205835e+01
2.378944864086437150e+01
8.442127059030588043e+01
1.164788297692200203e+01
7.131774018467709197e+01
7.611333418939649675e+01
2.641721613864024576e+01
3.162185298233102770e+01
3.385057895486703217e+01
4.443566218159823222e+01
2.419234554670452297e+01
6.488056036755827449e+01
1.889561330057371080e+01
7.844286673410828747e+00
4.170876072324080752e+01
5.647812297049401309e+01
7.509312994834388633e+01
4.102258740342426080e+01
2.296346499019580101e+00
3.918115028118077703e+01
4.447147124157516629e+01
4.484736072583070410e+01
1.115214899269094317e+01
8.779895135245581628e+01
8.082757831316011732e+01
5.188325145889641021e+01
3.610417364082979930e+01
1.845368756148207368e+01
2.114995506575265694e+01
3.726868508417422277e+01
2.244826739935437843e+01
7.657242724047894455e+01
5.813106006928217084e+01
4.951266962937486227e+01
8.119907652626757510e+01
7.023248128653325750e+01
7.127040558279485083e+01
5.184242033118475490e+01
1.989933448044202891e+01
8.422258436508336388e+01
4.618987784679848829e+01
4.904504683874708348e+01
3.651721112060133123e+01
1.442469317227383030e+01
7.512726127975697921e+01
8.804261302267040890e+01
8.710959016070887628e+01
8.318909300607739965e+01
3.435833837706928051e+01
7.068489502478581699e+01
2.346975725549937941e-01
6.568372235943672877e+01
5.027088578810988651e+01
7.786084420524268523e+01
7.915102932664390778e+01
4.480307792506857822e+01
6.246179075440936401e+01
5.021974858077288673e+01
7.188228949188966510e+01
2.920883086337501311e+01
8.865913285505199326e+01
8.015337233609287626e-01
8.663468780240118861e+01
2.859059095381207527e+01
5.604276201120531198e+01
2.153607322597074614e+01
6.676159980434243835e+01
4.666030775726601831e+01
6.723521849675260853e+01
1.521410531455325810e+01
4.252516143065091114e+01
8.475247830213928069e+01
5.927838262123589885e+01
8.248008568020502196e+01
8.351412720029054526e+01
7.077441509855285062e+01
4.824279681173506873e+01
6.611201650520166950e+00
3.052712698447763984e+01
2.709536460319028706e+01
6.697342570343289481e+01
5.884880177677927549e+01
2.355897374816201051e+01
1.967457835434407798e+01
3.723609433431510496e+01
7.152345918693666249e+01
6.100367130120449843e+01
6.239699541589109799e+01
4.530446641232803984e+01
4.831758978839098972e+01
6.738026262618902251e+01
2.687205155080096119e+01
3.781983932773920998e+01
5.388344655529898120e+01
1.835258833359366548e+01
8.315082294093028281e+01
3.754302087018412237e+01
7.921721238390577469e+01
7.202132226039188367e+01
8.637814428401757283e+00
4.266750968958518087e+01
4.981686542301514464e+01
2.248375309349949092e+01
6.728106555581439885e+00
5.862757153457377512e+01
5.163790351618270336e+01
8.526593717242822379e+01
2.762752287290609843e+01
1.655026593276418012e+01
1.064969875763462426e+01
5.769822722541174898e+01
1.044823622798599416e+01
4.106264364100245956e+01
3.568022098568852130e+01
2.508697608184623462e+01
8.598564591268421964e+01
6.002636044411725891e+01
2.154628809946419210e+01
2.333124010181220065e+00
1.975060404410632486e+01
8.516717149850899204e+01
2.949198377082345957e+01
3.707518319884390223e+01
5.962535561712292775e+01
8.047376790135547253e+01
4.023792695350497439e+01
3.296257389087061540e+01
8.894786052122347542e+01
6.677983862027286222e+00
7.524530311195252352e+01
6.638152888129978280e+00
5.510900181201035863e+00
2.801521903422015924e+01
4.418565245677817188e+01
8.169856220887550080e+01
4.136384177338202051e+01
7.887135395451521447e+01
3.564631653787608201e+01
2.211715904578844594e+00
6.665302443174779512e+01
5.673955222792556441e+01
2.971359941037221830e+01
8.081984449553223726e+01
7.528693090481102956e+01
1.524943402891087096e+01
9.058088401803654932e+00
3.177474545363887160e+01
7.517051270236984806e+01
3.861954955407573209e+01
3.054101470173474908e+01
3.302926454215867835e+01
6.499004530423840720e+01
6.397464032058521610e+01
1.020104204697009820e+01
8.503578596478493523e+01
6.542110873439115437e+01
8.391939693194738936e+01
3.396943027045772112e+01
4.287892361327874369e+01
2.827158869002298403e+00
8.864800799726296532e+00
7.530905267500932609e+01
6.010305754415615098e+01
1.827513993654541125e+01
4.267794433001119714e+00
3.086190256459000381e+01
8.499518193479168815e+01
6.582481620419524404e+01
8.822325676939314576e+01
4.287473599353788245e+01
3.257494852252279749e+00
7.540926303321852231e+01
4.091013645592272496e+01
5.311000277520750501e+01
2.447370104574660843e+01
1.011930319668992873e+01
8.685519297177094700e+01
7.268321626415803394e+01
6.990776191945823825e+01
8.830480739585321714e+01
8.711777585841767291e+01
8.887763726609860271e+01
6.210755196756186081e+01
7.840634698832433003e+01
4.146252031676569771e+01
5.409332129013407808e+01
2.355238456945651748e+01
8.443729424754687329e+01
2.138228342914938906e+01
2.234753033230122199e+01
2.765834916185752590e+01
6.765060121864419784e+01
6.238965306733311422e+01
9.965404242834541293e+00
2.620335314753077682e+01
1.741651470829866932e+00
8.891161671556315582e+01
1.810677752748783575e+01
2.994225287142653968e+01
2.531473158367041343e+00
5.660520369736116919e+01
6.415476591203866974e+01
4.495976343919294749e+01
4.608116581914691068e+01
7.791790573968341072e+00
9.146085709952480158e+00
5.929725290713175667e+01
7.622735361298225598e+01
4.900210569756318080e+00
5.110817660854349498e+01
1.289913368059355570e+01
7.937649495422297719e+01
8.246852165995387907e+01
5.195037540424286249e+01
5.082159673067518924e+01
8.270879573179465183e+01
4.010168001887301870e+01
5.975354240584764653e+01
2.605219134603468589e+01
6.765867708523884971e+01
4.047579024010252624e+01
3.731288968276131612e+01
8.226153800866060806e+01
6.013581852408330519e+01
5.939631459388286316e+01
3.587099620858222693e+01
1.502485605051889550e+01
6.931023429096110533e+01
7.534593305141741837e+01
5.727620182332164234e+01
5.181842950142168291e+01
8.997522306755264765e+01
1.403855786937319650e+01
2.165290933254610195e+01
2.542264962606099132e+01
6.845812035498771309e+01
3.863621711110896229e+01
3.362462640196369534e+01
3.335580074488788682e+01
1.527969409681845647e+01
3.925147809177509828e+01
4.178744313471629113e+00
6.437675799777932184e+01
3.371621711595880555e+01
8.329303709820419499e+01
4.998175195957848160e+01
2.711257605726330056e+01
1.941087937691369802e+01
1.146332237961790668e+01
8.211039119281588583e+00
4.726074485455484364e+01
4.365590128233430534e+01
1.453319943641043110e+01
5.947492530201854777e+01
3.743129935450577506e+01
1.386776715108688407e+01
2.921979302462849759e+01
8.043799562819511095e+01
5.159248334935878688e+01
7.462867375234169742e+01
7.124210697330647690e+01
4.977263525329082938e+01
4.435428784986862638e+01
2.738964244339125997e+00
3.383522908158195008e+01
8.890485143807259760e+01
8.119813709736872553e+00
8.319512313984249374e+01
4.244780995141969271e+01
4.243569578582018220e-01
5.649154884117125164e+01
1.243346464525384931e+01
4.381122323240074223e+01
3.284897951652718717e+01
8.688299259020371323e+01
7.231239481817421222e+01
7.208618835893877019e+01
3.971475368821275254e+01
8.615481097069586980e+00
8.657353275899338030e+01
6.710698625905999393e+01
1.565789736414178890e+01
4.424508023898875564e+01
2.937886945066680866e+01
9.031708107176445566e+00
5.244450612018312086e+01
4.979698007155787565e+01
6.831744260483176845e+01
8.431518410058137647e+01
8.174103357788601443e+01
8.814453173611933323e+01
2.880609294090963335e-01
3.678292227889468080e+01
5.663381088125320417e+01
6.468003527622542492e+01
4.964803190520424181e+01
3.184325373054926800e+01
1.608794448721651005e+00
1.199669317262668855e+01
4.268816005512969980e+01
5.470853565280819897e-01
8.687459458147266389e+01
7.905165078574522397e+01
6.418846480277385069e+01
1.823774972359273860e+01
1.766356512261226186e+01
2.610539111314434635e+01
3.373040260591720596e+01
8.604967264059818888e+01
5.323320489052868965e+01
5.202143311595625619e+01
2.231380057268385997e+01
5.500026408115867582e+01
4.567781286174027855e+01
1.519675221595200831e+01
2.750151127567726306e+01
4.287733340997865383e+01
1.282637149059910620e+01
1.386417254457769488e+01
3.012054183690417375e+01
6.294516417791066942e+01
8.545097180321194230e+01
7.898811871822677233e+01
2.772809997717885366e+01
7.493566169749534822e+01
7.632564391771707335e+01
8.906995412646445232e+01
7.624319969299217803e+01
4.401666734865897013e+01
3.403107624788509611e+01
6.571894221342104458e+01
7.671620193551908073e+01
2.375013599930656127e+01
1.417353819339782284e+01
2.310673309276901222e+01
1.248965469904879733e+01
7.099838952491312227e+01
4.434899686997240309e+01
6.545487824349395112e+01
6.206800964984098812e+01
1.573775584586656429e+01
3.753185537179741971e+01
2.025689631616020847e+01
3.132644083231392074e+01
2.210014998370774109e+01
3.087332274582949765e+01
2.676376034447625063e-01
2.488677951776975661e+01
2.106351420448364209e+01
5.306087028550095397e+00
5.327911376274326472e+01
4.540279509738226693e+01
5.310779387763233217e+01
6.938638285275679607e+01
6.166541415372597612e+01
5.067242100390665627e+01
6.944266503563395254e+00
1.858427487786219601e+01
1.536317636161894562e+01
7.093297532744658440e+01
1.706221601377733155e-01
2.025923875056052026e+01
6.659626114674408370e+01
4.040503604626352541e+01
1.209938348569307642e+01
7.280159279364565350e+01
8.613537408754541502e+01
6.585195064855572866e+01
1.275259903645388881e+01
3.238009534042695314e+00
1.038667265866368439e+01
2.560422996189846501e+01
4.410476023923342836e+01
5.613523769181674794e+01
8.188546744796812504e+01
6.512542789752097860e+01
1.200260120274433895e+01
5.816877480145429047e+01
8.162950848969339290e+01
6.101283990122037437e+01
7.476512962127696937e+01
3.273321654688039217e+01
3.196085178916823466e+01
4.900886355737070943e+01
7.450206155504226047e+01
4.358317929165200155e+01
7.605287377703244545e+01
3.593805695155351998e+01
2.387843155017587904e+01
9.492224824769005309e+00
2.105383707807293092e+01
8.059109866205186279e+01
1.148734355599423651e+01
1.872884621823245510e+01
1.665268075100940948e+01
8.944416520880302812e+01
7.463339253659907513e+01
2.147416654134742586e+01
1.208686180031494217e+01
7.280629972344858913e+01
8.070637874480813423e+01
2.539273088909962439e+01
5.990468704250382359e+01
6.445116751124518828e+01
1.409295253429784189e+01
6.636390092988146705e+01
5.513175329643782163e+01
2.136938926985182619e+01
6.765357202694043792e+01
1.006352625760328223e+01
6.464672486137594376e+01
8.624769976435636920e+01
7.599605633018178708e+01
8.356933141087237971e+01
4.894254093940555350e+01
7.014708707408077260e+01
1.545523090372896702e+00
8.416823761584528540e+01
4.619352776972733210e+01
6.118711044624392414e+00
7.756937904804698292e+01
6.025351038865154862e+01
7.975555097145715422e+01
8.459410632265574748e+01
8.654997320815262185e+01
7.738872170888843982e+01
1.724460475729050479e-02
2.360603696364645643e+01
1.537692189065212878e+00
2.121333382358215047e+01
2.873868470727157032e+01
4.540679281681845936e+01
4.675401051424600496e+01
6.860441011916892151e+00
7.664799803127702660e+01
1.092842186474940291e+01
8.057538940461390098e+01
4.198565529461111367e+01
1.574985928193121687e+01
7.116093137726504381e+01
2.251709485748144957e+01
8.346253508895831885e+01
3.142720601625667243e+01
5.428486528141754519e+01
8.639541984028728194e+00
5.708118149249717277e+01
4.404800276107435764e+01
1.101287678135011205e+01
6.819700610678957275e+01
5.540271825584694909e+01
8.330092958772839040e+01
4.412501664981250116e+01
1.873532241989703451e+01
5.237819356868304510e+01
3.949427880118597045e+01
1.929948215382801635e+01
5.733238556021648691e+01
6.538456243571332038e+01
2.728176914362445693e+00
6.394930842073978283e+01
2.577660001697626413e+01
5.270032586750273396e+01
1.592173003769899786e+01
1.544644310514870433e+01
5.170406982829572939e+01
6.746811333117946674e+01
3.140713258267556540e+01
7.904487938822872195e+01
1.207427992870799649e+01
6.727901413469993486e+01
6.841135247354846172e+01
5.199084969431440584e+01
1.310089009959753703e+01
2.696294865855188849e+00
3.096496444006268689e+01
7.671888729731282552e+00
5.544458200916976409e+01
4.159049323370081197e+01
5.316532128140478619e+01
2.797144676122095674e+01
4.004291598983526512e+01
4.861604277914168648e+01
2.873152981615242574e+00
3.686457793812082429e+01
3.088237426742521663e+01
4.112464489152114311e+01
7.599785056479910850e+01
2.589708380492327322e+01
1.688670936074944251e+01
3.312653639470914868e+01
3.990755539911281602e+01
6.923909204360474234e+01
7.635252981984542942e+01
8.334617957919252262e+01
8.843334578694631887e+01
7.550693594807928832e+01
7.805710131028212118e+01
8.418078338867937305e+01
3.189328452447478313e+00
7.166893524482034650e+01
2.078240593549924142e+01
3.384052261980887266e+01
4.246169321928846330e+01
7.297229720750291904e+01
5.685043202385360672e+01
4.258101157562687433e+01
1.227270209329139483e+01
6.831263147566247085e+01
4.117037742467903882e+01
6.871752151908572159e+01
2.242378354312504740e+01
4.688765295765824703e+01
2.645110417577073392e+01
6.509151734303833337e+01
3.336538667595961982e+01
7.912442456576326322e+01
6.447329764325654367e+01
2.106000626890362426e+01
6.649189082137986873e+01
7.654270408320374486e+01
6.056578149744801465e+01
1.843928590756930319e+01
7.909256625587048006e+01
4.073380792952224994e+00
6.254381568890305942e+01
3.558212752928209710e+01
1.381013971064939394e+00
1.699551133839122485e+01
1.196997765339610353e+01
6.371857548405132832e+01
4.058747438103382876e+01
8.685463910852041636e+01
4.876260874564829706e+00
1.651703239434713666e+01
2.755785297011903268e+01
8.304630047755885869e+01
3.243320642862499881e+01
3.056989226817302097e+01
1.643340148863536854e+01
6.277250270349227179e+01
1.351392122284261710e+01
8.003946803674878652e+01
6.814003029913092746e+01
1.073861168448106973e+01
4.826210570861240967e+01
6.950783148264734734e+01
1.091304041148809567e+01
7.502526631823042180e+01
2.057452685432601669e+01
8.862796909852509941e+01
2.028339810202812643e+01
3.967685489973576551e+01
4.958683868934686956e+01
2.428529572876340303e+00
5.456795017954925697e+01
2.119639575892115602e+01
8.479624334486508985e+01
7.937489437933683689e+01
5.260993342117868110e+01
5.819819334966582147e+01
5.048630376670418229e+01
3.982858756869901384e+01
7.493997065670647828e+01
2.324843714750881674e+01
5.888420521229445370e+01
8.150307803201748413e+01
1.009681794999225168e+01
4.875884657325092064e+01
3.818378063820671287e+01
1.460030739687944568e+01
8.118938807148789749e+01
3.478486527094250391e+01
8.800467049170164557e+01
7.612724096932811158e+00
4.913221884968722009e+01
8.747843310606781131e+01
7.239608769487602125e+00
8.213084535044412604e-01
2.722159875466473267e+01
9.222807682205861113e+00
4.424955920223460737e+01
2.793644835620952005e+00
2.569285704264267167e+01
7.357688619300699884e+01
3.680464132840871372e+01
1.749848672821481799e+01
8.395375353015776909e+01
1.158445975281913576e+01
1.297978739752578647e+01
8.548274800858237654e+01
6.461855681687495689e+01
5.071985503039996956e+01
8.875024265682985458e+01
2.025153050761802831e+01
4.746908855172127062e+01
8.782667420469680408e+00
8.636807857533433719e+01
4.818447398016106575e+01
5.601264940947484661e+01
2.110360420442418317e+01
6.875628791195437373e+01
7.473941859628651230e+01
4.266746062533233186e+01
8.459512422686577793e+01
1.361965572339441444e+01
5.219717201178551136e+01
4.745389800719712525e+01
5.087358118627874681e+00
5.020227718529397265e+01
6.045900077510414405e+01
7.473967376064496193e+01
7.067065815091662273e+01
6.703872371953117693e+01
5.287657843952472803e+01
6.025690049479970867e+01
8.415123058086618357e+01
2.137475268710458121e+00
8.322062912608815566e+01
6.027540838793674993e+01
5.330687705986822955e+00
8.967548604355680197e+01
1.868001288387151249e+01
8.274190993837636654e+01
3.896545156932094045e+01
1.422761730127769297e+01
2.446564256397942927e+01
