1.430261891884534453e+00
6.518934935992378144e+01
4.474966618806456609e+01
2.454759669843980063e+01
7.211378449497277643e+01
3.887885447266366867e+01
4.357887046933444708e+01
5.963106259024770850e+01
1.551948703510849192e+01
4.511958706499577687e+01
4.698984985926600899e+01
5.017553694496294980e+01
5.646159817264280179e+00
3.221972603453993855e+01
8.037283526185930782e+01
1.154473076462239156e+01
5.517197478316921178e+01
5.755910549398763010e+01
2.514991960728830911e+00
6.796780421898013458e+01
2.968942223165025851e+01
1.902912750434518330e+01
7.446873224830197557e+01
2.763177424921689962e+01
8.095715997966343025e+01
9.555128237881881148e+00
8.707496578942775045e+01
5.079656922996916535e+01
5.296632789998335511e+01
8.097060549273865604e+01
5.660006584825894294e+01
5.284961955718407722e+01
3.037841238010554434e+01
6.393451488014080475e+00
3.531399008314060062e+00
1.806926135860314986e+01
8.652137843823688002e+01
1.268628672659004586e+00
1.943878538992693805e+01
8.515780108975951634e+01
1.556821309929007491e+01
5.693014590715663559e+01
7.771067148524009838e+01
5.692442172329528205e+01
8.892057253623168833e+01
6.685669969247105371e+01
2.650299266540243792e+01
2.251333633088981401e+01
1.342280827227329176e+01
4.809511309313780458e+01
2.686316352126292628e+01
3.121091471475373780e+01
7.419384701871665300e+01
5.533725646280371535e+01
2.508332028385368417e+01
8.676006840750467575e+01
1.308728292319777431e+01
7.914979009186716929e+00
6.345778675538767288e+01
6.609873039699822073e+01
1.101884872688944839e+01
1.210691975551221411e+01
1.858077282960434218e+01
3.815071928727592621e+01
1.310822025150464576e+01
5.958216324983229839e+00
4.376757021931236125e+01
3.920502750438181749e-01
5.048425518810070400e+01
4.643772303128465495e+01
7.608376228576769051e+01
4.461899355834542291e+01
8.139382516304625881e+01
8.410238087817931785e+01
2.879435010758666635e+01
1.833815509759322993e+01
6.745677845585925070e+01
8.002928650433297264e+01
6.674157047051083680e+01
2.698739821727040678e+01
6.801094550087840673e+01
7.222123069319712840e+01
3.462678021973104592e+00
7.218747292182658981e-01
1.314055742708031538e+01
7.145939240547583005e+00
3.505949132344991881e+01
8.183914480239472766e+01
3.720250904671133441e+01
3.156684728278629226e+00
3.379129556410993729e+01
7.390068959867321041e+01
3.140340670612491891e+01
5.209237067152091782e+00
3.590406588790978759e+01
6.534662626625775772e+01
3.472623616846735217e+01
6.870815560520252063e+01
1.701483460169079009e+01
5.817470598078330823e+01
8.704714249207565757e+00
3.764059816726415875e+01
2.310582511773526448e+01
5.803515475281560754e+01
8.131534896695136183e+01
5.719755464419802138e+01
3.217080278018136141e+01
5.384454661559701094e-01
9.951067193821920398e+00
4.906776872125576716e+01
7.244740797990483827e+01
2.918138311147751551e+01
2.833671668783246389e+00
4.907794794824976492e+00
2.763702595769003878e+01
5.664558619428891006e+01
6.375231924237473180e+01
7.320580519711771217e+01
7.974222747184492732e+01
1.799753416569609143e+01
6.996018859003498847e+01
4.166451042763767276e+01
3.505536036648849318e+01
1.435452504204056545e+01
7.619071265061042197e+01
1.909524188501245590e+01
2.486552668147651701e+01
5.756039898480860728e+01
3.294400914673190783e+01
1.970224320764699755e+01
4.811242819986048147e+01
2.972256778075011496e+01
9.365919454501117514e+00
1.662822386243598771e+01
4.192290802724343735e+01
5.634468329434262124e+00
2.602941040747577262e+01
7.607000823413356727e+01
3.449223561047287667e-01
1.525718769303014977e+00
7.158933432964300891e+01
5.508680569052161502e+01
5.983120034968514744e+01
5.978257444938892462e+01
2.211758775356349815e+01
5.272427502977752312e+01
6.269361227629322997e+01
8.368197785330228555e+01
4.055578096944037725e+01
3.546599689339735573e+00
6.427702880415380093e+01
5.214845157385709484e+01
8.202399454222558006e+01
6.550474572250082339e+00
6.996458772214128885e+01
8.147218663782436465e+01
3.475630300232126757e+01
2.792389802761747575e+01
3.400743601755198853e+01
5.694791317917287898e+01
2.822827250351451767e+01
1.813715039323674816e+01
6.446919690003169023e+01
1.663300084275391910e+01
3.966449247024773683e+01
3.158756916707706530e+00
6.390466334085914468e+01
4.165524645530931025e+01
3.382522087688099788e+01
3.100031228597485011e+01
4.366623673131813987e+00
6.462918456844616522e+00
2.029371500841269693e+01
7.517226108862284661e+01
5.566859249552952349e+01
2.650094817374148803e+01
5.284945395447510919e+01
6.739538990273966590e+01
6.796114591199969368e+01
9.197766442757780325e+00
6.737803473636354568e+00
8.158913294950612283e+01
7.279557481999736979e+01
8.247944998436392439e+01
6.961812877848046810e+01
1.817485085939960499e+01
3.638491779571987550e+00
6.007961512305491425e+01
1.761079931375037688e+01
4.658495804221118419e+00
3.904509364429031848e+01
2.953805326312527235e+00
6.962989138468306294e+01
3.287541563934799171e+01
4.224905475973821467e+01
7.668943056644303624e+01
6.001873056041776344e+00
3.178554976625137130e+01
6.536456285992804283e+01
7.286336180652153871e+01
6.462325568308280310e-03
8.405930588003327841e+01
7.404559091999418285e+01
5.571367488966213699e+00
2.435084883199479222e+01
5.330469921344664641e+01
1.003232362672132538e+01
8.273202236282708100e+01
3.766476432231148408e+01
5.240856982604104530e+01
4.351669597588037419e+01
1.958053835372849250e+01
3.863525852279376238e+01
8.934552126290510898e+01
4.929920432458198221e+00
1.916442294412490099e+01
6.711575956422954903e+01
6.473396643053821009e+00
3.775696412972450844e+01
5.689806937956198141e+01
7.705941970026218257e+01
2.362472075984319630e+00
4.246999943544336276e+01
6.160053927539316021e+01
8.149292218444750802e+01
5.058777659403104110e+01
4.502872702529034399e+01
6.018719893957841549e+01
7.699594728326430015e+01
8.516801590016221724e+01
4.725079654468957813e+01
6.998863216968699419e+01
1.640223558178276164e+01
9.860536496623312885e+00
8.232378200485615594e+01
1.813078699900355417e+01
1.148740586729640611e+01
7.145024479642140136e+01
4.055683198719762572e+01
7.508848820723194706e+00
4.623197444787680155e+01
5.665839762008458536e+01
3.039574594872942725e+01
8.483233561750709839e+01
1.529255124184881787e+01
4.049135106786745375e+00
8.708202950053987479e+01
1.575986788231372770e+01
6.331317498161340929e+00
5.081215773462272267e+01
5.703769039515827899e+01
8.852766574458888371e+00
4.101132309493069172e+00
5.282618776764518032e+01
7.699464803890369069e+01
8.828570178966838000e+01
5.328601148348829497e+01
4.932351359855907447e+01
1.718935699326626576e+01
2.340507040606156508e+01
1.403864391362925623e+00
8.259529540018449723e+01
6.297887410356214133e+01
8.211963191354637104e+01
7.980350510271857445e+01
6.225462279384136366e+01
5.353706114673635597e+01
5.276075976031638248e+00
7.374342562127631950e+00
7.161419329909269038e+01
2.417096967132853180e+01
3.074420824397141772e+01
6.206638191327453313e+00
8.867977148570795976e+01
3.600508611654369417e+01
4.786572185616693531e+01
8.384490034551579640e+01
3.637361807668138169e+01
7.450284657338117711e+01
5.290713494758166746e+01
2.866260295158942739e+01
4.994913856714217104e+01
2.557547745712152931e+01
4.503407745301279874e+01
4.414414055818726013e+01
2.021304193701450558e+01
5.390126546542543196e+01
5.765152853898507601e+01
1.391167472667006244e+01
4.953739729453081964e+01
8.854454123719764880e+01
5.193261319357137751e+01
5.505384469149889881e+00
6.481249750551160105e+01
7.227199412728251104e+01
8.553553635074194972e+01
8.023179317838388158e+01
4.576086404174903066e+01
7.806565253187166320e+00
7.154688107539564612e+01
4.855977941674521681e+00
3.428327333554626932e+01
3.143954976264627632e+01
4.914787233253605336e+01
4.296942659579337231e+01
8.996244966236471896e+01
8.825189890360002209e+01
1.408949703517050445e+01
1.986806076814761823e+01
3.496798241702172305e+01
4.719967254698948977e+01
5.695556864741446645e+01
3.961897702344312222e+01
5.144367384450121250e+01
4.012186897796065921e+01
1.529875132635782897e+01
7.835256520599442354e+01
8.594868022112592598e+01
3.097031863115733330e+01
8.365721032860625428e+01
1.872588138240350020e+01
8.796382369397618106e+01
1.258702952625136984e+00
1.450690304426563415e+01
6.498823983569262452e+01
7.543150744736125546e+01
6.606071089208205649e+01
4.719783422783056182e+01
1.322989587123509025e+01
3.215847331974231338e+01
2.757402501147944562e+01
8.677850475148041198e+01
4.335657585008549830e+01
6.346481110670089265e+01
2.717429623161266505e+01
1.491026791204765267e+01
1.491583436638770088e+01
2.700724194865158356e+00
6.371677661666446824e+01
7.993451432172437876e+01
1.611169675025210424e+01
5.196917440520103071e+01
1.766047059978951239e+01
6.347632184908803055e+01
1.371898558315061400e+01
1.399846455440913751e+01
6.789219632614731381e+01
8.484389811372817292e+01
8.396451828146989271e+01
7.557285901299326270e+01
3.632013460647034719e+01
2.897942194585861131e+01
3.955709665777340689e+01
5.786849480912609778e+01
4.198698093795212571e+01
2.808849710747806938e+01
7.917267980654467863e+01
2.983971436526670828e+01
2.926538081675366598e+01
3.759400065565733229e+01
2.182557446915726729e+01
7.806378522010740539e+01
7.165530397806450935e+01
3.248694928162419870e+01
6.181206399423422226e+01
5.245730279904024940e+01
6.267901732171198859e+01
1.432424722606273626e+01
4.117087094804729475e+01
5.376557374436499259e+01
5.205760385862031825e+01
5.719958910616308145e+01
2.950644416788360758e+01
5.669072251712178456e+01
4.196238049586724372e+01
9.012685615109342407e+00
5.092264204781279346e+01
5.563635524938438692e+01
7.531673454088299025e+01
7.571045084131506542e+01
1.324853584623914005e+00
1.171433996920856657e+01
8.043143909472789232e+01
3.689648488950178518e+01
3.928564250549116110e+01
1.926801121999187671e+01
9.197950821597955517e-01
6.882463056561974213e+01
1.736012924052350304e+00
2.513415909532018588e+01
6.585422452599473786e+01
5.144054191538191390e+01
6.424657284763831910e+01
3.100298098483110110e+01
8.375236627424634150e+01
1.420054255267554844e+01
3.460117971434357287e+01
7.951298926009468460e+01
2.698647756695601529e+00
4.242560858138506319e+01
2.474252359741749174e+01
2.692191253490850400e+01
8.946573082477588912e+01
4.312204597008659590e+01
6.226260628848572054e+01
4.055828327951100221e+01
4.614623737723096752e+01
6.768990902728477010e+01
5.410856718440481217e+01
8.726431839207097596e+01
6.851914706949700928e+01
3.648308332952709065e+01
6.804848332924520093e+01
3.028707632266396388e+01
6.731850552580038993e+01
8.054671140262372830e+01
3.932386266210637871e+01
6.521667670163489561e+01
6.085946605465640857e+01
3.774814626208159041e+01
5.406335049249059921e+01
7.126280442987592778e+01
7.045408970087423484e+01
8.129415675588941781e+01
1.527188694098906652e+01
7.828831089517210273e+01
8.955107940240871756e+01
2.067484230952864266e+01
5.409488560706113702e+01
2.175593244360647205e+01
7.417255892945786400e+01
5.353834014221656901e+01
5.848488118609914466e+01
6.153989602358926447e+01
2.966918018878976326e+01
4.569081586962302310e+01
1.652278674393765456e+01
4.382356011331298618e+01
8.105067158596985166e+01
7.859487875870429718e+01
8.033070983479051108e+01
8.280118029141442548e+01
2.875922476223416169e+01
4.729806375454730727e+01
5.445822933825412804e+01
1.716381061097280281e+01
5.426090396860376330e+01
4.009209728178989707e+01
7.861972656531206383e+01
8.112948974038090455e+01
2.235052670944614306e+01
7.613669707080030946e+01
1.980959165560217627e+01
7.769700711657330316e+01
3.989283011337833784e+01
1.861313307043400656e+01
1.927598686824495999e+01
9.126410791427439051e+00
8.477138635357781027e+01
7.231388746886540275e+01
7.637353623761677568e+01
6.748144351391113105e+01
6.769557983948385527e+01
1.060091926451305966e+01
8.039014295540548005e+01
4.351697588672442407e+01
4.718262153630022482e+01
8.002586739305334618e+01
7.121149836073284689e+01
2.373956647297159250e+01
1.470204696807935818e+01
2.145123712541774363e-01
1.472502177154087377e+01
1.907912458121760224e+01
8.158909211597807598e+01
5.240124942812462194e+01
8.191252233286924422e+01
3.581066570945039018e+01
8.083381806006877923e+01
3.790657929912123336e+01
7.285550959936228033e+00
4.271496242114584874e+01
2.937736225599161344e+01
6.780833196527665052e+01
3.619705390866158012e+01
4.828206068994543188e+00
1.551275412778366380e+01
4.262066632871594152e+01
4.400958589808218591e+01
4.289634980626286165e+01
3.735472259858825339e+01
3.824592536380480112e+01
7.160372974090363130e+01
8.610757359181374682e+01
4.561198754699610447e+01
7.591564122827963956e+01
4.811968271826121679e+01
5.750353170293705318e+01
5.233590310023711112e+01
3.277921937120557772e+01
3.769089855396680377e+01
4.380531914132270543e+01
1.796804823498414194e+01
9.562911359085720875e+00
4.828828421175943220e+01
1.465535666701668660e+01
1.144227731098569345e+00
3.325944814702567243e+01
7.738992123070876517e+01
6.570971559978471532e+01
5.379734423345571059e+01
8.504448567063022324e+01
2.779037064713376992e+01
1.015667609090147039e+01
7.850325734526149901e+00
1.830807406967561946e+01
7.214098211804508765e+01
5.362284760490265256e+01
4.611369737004510938e+01
1.051411669131068827e+01
2.304336605149269701e+01
6.909071270042626622e+01
8.709864681658544328e+01
3.571244954595113086e+01
2.874242168345364234e+01
2.434845213236727091e+01
3.146194740964686787e+01
7.177937416143713278e+01
4.778420794037918995e+01
1.852002732168529775e+01
3.184327393483219382e+01
6.097373105417246109e+01
2.035796566678288855e+01
6.275387711225366871e+00
3.880784640872729341e+01
5.547883779097382728e+01
4.270988165225951150e+01
1.384517712069633433e+01
6.173618150341113875e+01
4.538742943904437510e+01
2.993007350270040234e+01
6.497177412892401094e+01
3.331574653609938963e+01
4.932248395344737446e+01
2.381036062130562669e+01
6.297305425416216451e+01
5.906063032891745479e+01
7.362413551784365850e+00
3.826403787623979014e+01
7.543338002273171128e+01
3.577936824267316496e+01
2.693657211908887916e+01
2.756128027464944097e+01
8.054942604359152369e+01
4.144266566895417014e+01
1.716811798856133109e+01
5.447660962531482909e+01
2.587195530409889699e+01
7.656787493302438463e+01
7.321797478726413999e+01
1.702890453090911693e+00
5.307869399280162881e+00
4.025374844234892180e+01
5.112414570274004433e+01
6.647724892671323005e+01
4.881416408855793065e+01
9.216629615266187514e+00
4.553165291246647683e+01
4.771652421549426037e+01
7.427898894671391972e-01
3.651859475234797969e+01
2.690085924819189600e+01
2.268088040755008450e+01
4.652464212808788346e+01
7.692738124116257836e+01
7.737393372833997773e+01
4.977275643629679536e+01
8.129747621425062221e+01
3.715364052662948069e+01
5.309128333746886597e+01
6.666750961131462816e+01
4.661925285326879731e+01
3.882754970322523747e+01
1.061739131481144405e+01
2.901353281947633178e+01
8.097642464936326689e+01
1.906033078798619940e+01
7.487351753759712381e+01
3.342146800911130100e+01
6.772124921590172431e-01
3.099854168479702565e+01
6.491320022874822371e+01
7.075182301652817785e+01
3.990990005019190079e+01
6.679816049899670816e+01
2.965818994802225106e+01
2.469701463012863485e+01
6.431958379141232029e+00
3.128835934539579711e+01
2.163470878062594238e+01
8.927682701208458127e+01
1.936731755536577282e+01
7.707722002897284597e+01
5.784484145159694890e+01
1.105053380155950338e+00
5.562295357602190649e+01
6.920399439896529614e-02
1.108486867904636686e+00
1.886759336816603394e+01
1.517074075827977708e+01
8.864305314438138339e+01
3.171853266844093255e+01
6.990357852759558455e+01
8.493951264170104309e+01
8.757492602096144196e+01
1.066250115139508736e+01
7.131743584179574214e+01
5.931466558243043607e+01
6.551971443312412191e+01
3.448349499848568644e-01
4.253479289449117573e+01
2.141747605521508646e+01
6.539343584191260561e+01
2.806058375357950041e+01
6.483144594780007708e+01
2.385396670184459467e+01
7.709976661036327528e+01
5.235077370874938651e+01
7.592698543192835992e+00
5.171947907494769225e+01
3.546950118177005606e+01
5.789769868812353337e+01
1.508620232165690922e+01
4.517720952787092159e+01
6.857490321433903091e+01
4.425411048698006056e+01
7.791023558905081359e+01
8.298517335745891899e+01
1.020433246364110857e+01
2.575127535142748414e+01
8.257242423486101046e+00
1.154188594337742790e+00
2.069860054230537116e+01
1.737055366980123239e+01
4.261322819478793633e+01
7.424332437398444995e+01
3.491068589904552510e+01
8.396636646355341327e+01
4.562279421919370037e+01
4.423732069911930864e+01
5.113340802715847389e+01
4.605640156000041685e+01
1.444085747834884081e+01
1.967693933042090038e+01
4.366431220213202735e+00
4.293006979328325201e+01
9.898343506499420741e+00
1.977767690170287551e+01
4.341029754256751971e+01
1.471372352424541141e+01
8.145370973091995381e+01
8.849840380857431299e+00
1.417460087391885226e+00
8.305132187253313703e+00
3.042532490667684186e+01
8.375890200266752572e+01
6.895031641426045610e+01
3.591775112425449379e+01
3.678182160041684057e+01
8.295814972559141154e+01
2.179064811610460950e+01
5.531323537310376537e+01
6.301147382117047613e+01
1.362495213279181527e+01
3.290598339297199004e+01
9.768292732009156154e+00
4.576282262554954627e+01
3.348137845774790833e+01
3.484696447627715798e+01
1.967828120278191761e+01
7.337082320707501992e+01
4.519036375997117716e+01
7.706249602286250422e+01
1.940758222568267755e+01
5.117861818605415181e+01
8.728183042197224495e+01
5.835035481018984882e+01
8.450151853116134149e+00
5.248872419867908690e+01
1.839891321690102544e+01
8.173948855891170240e+01
6.374919807104612701e+00
3.523147583824669304e+00
6.651010859745935022e+01
1.047627005284534185e+01
6.080955672550071256e+01
9.989427755220646077e+00
4.721313167805816846e+01
3.517195423523869380e+01
3.441776326800091823e+01
3.125407389099341771e+01
2.192231698174058607e+00
2.164579599541140098e+00
6.506573488449683396e+01
8.501748978043811178e+01
4.295769251933715793e+01
6.826511056862231897e+01
1.319947558298791890e+01
8.420201883411191091e+01
5.154640671717420730e+01
6.671623663255553538e+01
8.735064799361062171e+01
7.233061392458539274e+01
7.237723627774887802e+01
6.837920776144072477e+01
4.102720583270132693e+01
1.834638084370885380e+00
6.460636080557590333e+01
8.313129114430336131e+01
8.477302763021900489e+01
8.498266243145546905e-01
4.477052258839758991e+01
4.309353749700758129e+01
1.000371565457096779e+01
4.851159840078435082e+01
8.386669661883919957e+01
7.721300679123498867e+01
4.568535696028006754e+01
8.524395080748145404e+01
2.332464860945185947e+01
3.153983116646973173e+00
7.027158745125029782e+01
5.512785620552251853e-01
6.510804122363825286e+01
2.510584562252038765e+01
1.937402491896168044e+01
3.806942364990561600e+01
3.549248375239674402e+01
5.087469755111377623e+01
1.284832149968256410e+01
1.680073363836328681e+01
3.220280077078737690e+01
5.247541131480357279e+01
1.722253263206926510e+00
8.450989994794102245e+01
4.392055074211965859e+01
3.069005347458632471e+01
2.260731729603692486e+01
1.335291169775316433e+01
6.492711561549053556e+01
5.310637231664054525e+01
4.504480975794364639e+01
5.787462364933666237e+01
4.505270416418434287e+00
3.112573903220078364e+01
3.375758084300272799e+01
8.205747356041604235e+01
8.926108315914190072e+00
6.079502288338231608e+01
2.054362936645443227e+01
2.283513572207569453e+01
7.324618343024746991e+01
7.700832533736623020e+01
4.836863378478261666e+01
8.832769631016047640e+01
3.107542513744012425e+01
6.904224556032367843e+01
6.815427240334492875e-01
8.328891987227324023e+01
8.415286100504178535e+01
3.410417354652474842e+01
2.870295298866355438e+01
2.845939881512282454e+01
7.711771472818220730e+01
1.927853529527359200e+01
5.318576336511542380e+00
8.336573532007710696e+01
7.645689872781076701e+01
5.822334799545647854e+01
2.997440330746029247e+01
2.832590120772794506e+01
4.382578467251708787e+01
7.642123900467190367e-01
8.217350434027295591e+01
8.891870202106670718e+01
1.488818150902370263e+01
4.311954781712048401e+01
5.840575479095796396e+01
4.554067712737238338e+01
7.339918184189967221e+00
4.067520935948532212e+01
8.175298487713430973e+01
4.411035654622207147e+01
6.399372258520741497e+01
6.134657307045940655e+01
4.522127172846762022e+00
2.189763203941796910e+00
8.955437543065764316e+01
8.165091639102024601e+01
8.875706649122972181e+01
8.797111148824410520e+01
2.671058745937208201e+01
4.310857325667036122e+01
2.488748401898153517e+01
3.419341207141117778e+00
7.552897504040100785e+01
7.900001010079465402e+01
3.820617081652149238e+01
6.769155659065650354e+01
2.630717245816380156e+01
8.376811254683065044e+01
4.054532763857807254e+01
8.381350915672364010e+01
8.356449098845953927e+01
1.524201685875412604e+00
5.979525931522603699e+00
1.498431093282264115e+01
3.437210702124678363e+01
6.283379846182435813e+01
7.297310354923013165e+01
5.103879679637270783e+01
7.310838176404720556e+00
2.632473063382153811e+00
7.849217392648394309e+01
1.786823986628172634e+01
2.311895887565675878e+01
4.067762789158741299e+01
8.400183022574101699e+01
3.624609202114034190e+01
7.512266398748191421e+01
7.914542440906549814e+01
8.650763818747959988e+01
2.192832748636985229e+01
6.808534497632352611e+01
5.175708530249679740e+01
9.588204978878933638e-01
8.163611108457948262e+01
6.161169917261877771e+01
3.950371717293984375e+01
4.684723053756359334e+00
5.188838365564056687e+01
8.576637714637617194e+01
3.779404314306167834e+01
8.632566065030052016e+01
4.003924038184941026e+01
7.351868305025683981e+01
1.384568313260793460e+01
7.788456139101838005e+01
7.700447545120852055e+01
8.780541247251636605e+01
5.002319856225886952e+01
4.565052248110072242e+01
3.826432370823217610e+01
1.911485631834146659e+01
6.306768902958127399e+01
4.231340374128572535e+01
3.872683225578052912e+01
5.494936993910135925e+01
2.761196723979711720e+01
5.692144616806972124e+01
3.117901623317353099e+00
4.582812101975565611e+01
6.793304040124186827e+01
8.317200726263436650e+01
1.934777353167669034e+01
3.393612278794970738e+00
7.673317580909890978e+01
6.169804567040485921e+01
3.681026431367700980e+01
2.056545450026525756e+01
8.969354160499082695e+01
8.857517612614515201e+01
7.485536015006415766e+01
1.543239431023374308e+01
5.862780987775769148e+01
5.601418611440886508e+01
1.602670735278320890e+01
8.210443300779342479e+00
4.671221744868780945e+01
8.522755869456061362e+01
2.323232970479230630e+01
7.048669432184037476e+01
8.059846804841464518e+01
3.949595431707930704e-01
4.540385376513506799e+01
3.566473380137051663e+01
1.122753130596523263e+00
3.891787681026797685e+01
7.714755074669611190e+01
3.059615628772773022e+01
5.463236791288244376e+01
8.130744680995243812e+01
8.919035705414984250e+01
7.015830303449148175e+01
8.923635585073587606e+01
8.118536124002937981e+01
8.250303550614340509e+01
5.402357347849014246e+01
2.435993616612509882e+01
3.965310240105073092e+01
8.390329935685961971e+01
7.074592161396752488e+01
5.078849012025499121e+01
5.545685989438729990e+01
4.435399041532384956e+00
6.018134607065782404e+01
8.992555788316042253e+01
3.284959034335188477e+01
5.211251086724756476e+01
5.527399158745674868e+01
8.081744011711776920e+01
1.947478382690773913e+01
3.824070922511236859e+01
1.143853733428429997e+01
1.648529590723894600e+01
8.242579107208162270e+01
2.296002897486539140e+01
7.420544374826195622e+01
8.215327420529305869e+01
2.073458125032054511e+01
3.196516315559414068e+01
2.149194476536118970e+01
3.591311951126229474e+01
1.823324274691806934e+01
6.716982832954694516e+01
6.643387906653144626e+01
2.152163239859885735e+01
2.669717350871734141e+01
6.051063625668366797e+01
1.880782042077764160e+01
5.312097002409532820e+01
1.217754427043763599e+01
4.883870246374442559e+01
7.298629865888344170e+01
5.153593139858053718e+01
1.001096311065172095e+01
1.552864347670509915e+01
2.439906899295668907e+01
4.671854862216740401e+00
7.846634345483849415e+01
4.007221516645883241e+01
8.964269885940760219e+01
8.986742214708350218e+01
5.171198288877830507e+00
8.209353620003820851e+00
8.649453725090752698e+01
2.628322603210530417e+01
3.387146565696938438e+01
2.700753469459772660e+01
3.331631838595238548e+01
7.117841935243353646e+01
1.155288237549070374e+01
6.657890248647802878e+01
1.154835936618924030e+01
1.219480218359329982e+01
4.820151181009697439e+01
2.201227581421240131e+01
2.793965436618125153e+01
3.448748914759198669e+01
3.411492785320034216e+01
8.604775070316911467e+01
6.610972359817374411e+01
3.712330704302050322e+01
5.260421396667526039e+01
7.993282955910426324e+01
4.381245791014314506e+01
7.574783834609579003e+01
7.318017056844250590e+01
6.641020791749062369e+01
1.161377561292323790e+01
3.191064752359488921e+01
8.842503576318262049e+01
6.073280976725815350e+01
4.174769489175478299e+01
5.335862607148575165e+01
7.569010539048048258e+01
8.347589928695084893e+01
9.193988345634307446e-01
2.467399278990853162e+01
4.296556024994113443e+01
1.244527769655550564e+01
8.454036861332435038e+00
3.864278887501041027e+01
7.327207208100735158e+01
7.588619121743784035e+01
6.226359104259957888e+01
8.490108522238833189e+01
8.437830376504351193e+01
8.930023061763029091e+01
5.221434361827636650e+00
4.887546990346371700e+01
3.044628529022651975e+01
3.099970424499251465e+01
1.499277727526384663e+00
4.174956958372126081e+01
7.927394045352035334e+01
7.447323557819528617e+01
8.754566011916369916e+01
8.160313584565464851e+01
3.331418373591238691e+01
3.085862849314073841e+01
3.216804442568475508e+01
5.460118364697422066e+00
3.357870900627860777e+01
6.117760836504810840e+01
6.648188374849335958e+01
9.361377498442159606e+00
1.393396148147808589e+01
6.633955584162187336e+01
7.174364796531376953e+01
8.509946727114567011e+01
7.229629971193783433e+01
4.308928776588126652e+01
7.445011868170951175e+01
3.932916620511598182e+01
2.145958835148311650e+01
5.648971081306456199e+01
2.665444294149239823e+01
2.574294909798340214e+01
7.872343220900778249e+01
5.037012679161236406e+01
4.602979989917595560e+01
1.730067381648638403e+01
4.355559143596372706e+01
