6.832810095017411101e+00
7.619144421149859170e+01
8.003984600713471309e+01
7.864199669420379735e+01
4.726245707581971089e+01
3.597150653804558829e+01
3.327892214231221146e+01
7.021039285327753454e+00
8.462723577283048826e+01
7.256681380346627463e+01
3.916013077516286955e+01
6.655608443211366421e+01
4.348672735891970120e+01
5.674155083735406180e+01
7.357067966333487163e+01
7.647825008571805938e+01
2.833833017737305937e+01
5.364094409373114303e+01
3.663900102430147854e+01
7.187753615260618290e+01
7.417312715346081120e+01
1.938954762956623767e+01
8.252312526053991348e+01
1.041398965985174119e-01
8.489717809824306016e+01
8.263519577698082230e+01
1.945535871625004987e+01
2.974737901678087582e+01
1.767221661270399835e+01
2.263184350447703608e+01
4.585331682429102784e+01
4.342575942384683430e+01
5.827043759696056924e+01
4.244116987296562371e+01
6.356184075329242233e+00
2.826089934504183177e+01
1.652943402634708292e+01
3.020082491207389452e+01
1.758584166822394224e+01
6.683508996113093303e+01
7.894660204867710718e+01
5.357550297347781765e+01
1.512939629999977953e+01
6.645210517468208877e+01
2.047142422724357047e+01
8.671294019790104812e+01
6.221298949958993774e+01
8.353458235670345289e+01
7.064935689955970588e+01
6.347290404126216146e+01
3.940489165793218973e+01
5.389824582888425653e+01
6.867716423984462892e+01
6.470029138978070193e+01
7.158028522610811706e+01
5.031957270666636362e+01
7.020594341124227356e+01
7.104388186846796316e+01
2.551039247043532754e+01
4.959601876722432934e+01
6.177885560622184613e+01
4.244205280574610128e+01
6.899254437830762754e+01
8.401313621001177978e+01
2.860713969678128166e+01
3.974680608866496812e+01
2.132152598395285281e+01
8.324221174154297387e+01
3.140486092692186304e+01
6.648213477409987604e+01
3.161156282308010645e+01
8.577785715581852344e+01
8.364323320625236136e+01
8.649900783672593718e+01
7.056466131160979671e+01
5.069677672065703433e+01
8.453929690273452024e+01
1.398085404719712210e+00
1.762575707895073762e+01
1.173877747813573125e+00
2.302889853262243847e+01
2.876202921031872961e+01
5.797097078668462444e+01
5.292598370009449837e+01
5.184966587041062525e+01
4.922077579845100814e+01
7.219401408280202759e+01
5.188601120524715782e+01
1.731274261794392544e+01
8.049145443393163646e+01
8.736361874530929583e+01
2.655838271476966028e+01
3.278448649218881883e+01
3.523032450067740484e+01
6.794777791038312387e+01
1.818941777598609022e+01
6.144818074773272087e+01
2.579849628713208176e+01
7.563986986304792026e+01
7.943531336299270151e+01
1.078677515195705894e+01
2.024419063567839316e+01
3.650944491617021725e+01
2.767337580619292225e+01
3.030744208644620841e+01
1.086640756099957095e+01
4.783028086599125928e+00
7.892372680485225445e+00
5.176588185786751950e+00
5.727252486858765224e+01
7.395163458095898079e+01
1.745268551561857251e+01
3.057075361540745817e+01
1.301534093152054794e+01
5.642206317099942225e+01
5.188073694750352161e+01
3.263224656988903405e+01
3.106012377082031506e+01
4.101890867991055956e+01
5.735390210512753839e+01
2.739295575433741803e+01
7.803401181237913420e+01
3.341624438105007755e+01
7.882848123816304842e+00
6.282452675832607980e+01
8.139491480053271744e+01
5.659964557441447397e+01
5.283498660502081634e+01
2.888058332844717668e+01
4.379034909454835400e+01
3.868127126174924513e+01
2.066109107790536115e+01
2.882790054112060574e+01
8.421317858590532524e+01
5.897870420833136507e+01
4.995810676706039999e+01
4.363854326366246283e+01
2.509459574935767101e+00
4.088408739950222781e+01
7.133017733162246543e+01
6.714710690645485158e+01
4.004049047230493841e+01
8.020733141728460680e+01
3.371609304716226063e+01
1.094817979463862656e+01
7.944205696857243026e+01
2.763300660868559433e+01
1.982577927624539527e+01
1.634617795659323392e+01
2.520919231198312183e+00
4.355961945229280019e+01
7.222834640905816173e+01
3.747332351715796506e+01
7.334817294663326948e+01
6.157939249278768301e+01
5.287526593456145463e+01
6.462455049591858369e+01
2.872507294648541532e+01
3.736954436737793372e+01
4.794679833326834562e+00
2.062477244446755975e+01
9.733205590849877353e+00
5.567995726484348751e+01
5.951433904028428401e+01
2.067483151752198545e+00
8.856460411473506156e+01
1.545884199495577782e+01
4.808290766905469127e+01
7.011052851275833575e+01
5.638872241868976687e+01
6.248013762528883319e+01
8.419387846799909880e+01
5.690329484899216084e+01
4.275694168251356331e+01
3.352072877879881929e+01
3.384355315174765622e+01
6.109751520721616913e+01
3.349890906178703176e+01
8.404374731389273734e+01
5.694819326208300225e+01
2.361784278656004332e+01
7.961073969231280500e+01
2.656420863588107650e+01
2.549997643074444209e+00
2.118716479659676111e+01
4.875322308400645710e+01
4.697080278730865643e+01
4.141787086977092258e+01
4.624189558704357950e+01
6.163748193317823620e+01
9.495234262270605186e+00
9.116223140946368986e+00
7.132511817408672528e+01
1.021506786038534464e+01
6.552303739044111808e+01
3.498800905782272963e+01
4.582657747582169350e+01
7.329324231928778488e+01
1.926888787358328514e+01
4.111619801675153241e+01
6.157444292926719953e+01
2.856565327199674442e+01
6.674816539649356173e+01
7.683241483815237416e+00
4.806610195234040361e+01
4.826781423724384723e+01
1.887448927181420899e+01
2.822020195058257030e+01
2.760399393941919755e+01
8.168231287591935086e+01
7.151194571144799284e+01
4.089039588183884177e+01
1.701423531122341615e+01
1.417287384053425114e+01
8.436942935082031170e+01
1.516532775015784296e+01
5.818874962653767113e+01
7.798738496073291060e+01
1.186629955086125499e+01
5.607623132435819002e+01
2.248315336703601020e+01
3.339765671699933591e+01
1.891421008860266184e+01
4.104472586721862370e+01
2.669101947639252614e+01
1.693882855890975492e+01
6.975752764519651805e+01
6.801507891292915531e+01
5.077353317815824596e+01
6.213720070563542208e+01
3.524685699155005381e+01
1.608247494838003533e+01
4.797033976635128738e+01
1.133067478786650817e+01
1.388572271170345829e+01
5.352640347624726047e+01
6.288778265845461846e+01
3.076814512096539289e+01
4.191236579334108114e+01
8.380215676179656725e+01
8.516313983577735769e+01
2.731400653407906276e+00
4.179203237815094951e+01
2.856072015811279563e+00
1.260856105373807168e+01
2.680531389844576040e+01
5.645538576624618088e+01
7.389971124873557073e+01
5.262783889301056206e+01
4.096646003413579962e+01
3.111346633456762234e+01
3.795733744856890013e+01
5.014487081419424186e+01
2.821507375613418844e+01
3.723716582211116588e+01
2.723008055285582785e+01
5.062286674808362363e+01
2.004780181334300693e+01
2.289478163577244985e+01
7.841680470065287523e+01
4.518004285498820138e+01
4.012969391377966133e+01
2.527909509802767474e+01
2.622605845430415528e+01
7.017032342353410002e+01
8.489151069939670435e+01
5.795183141035291641e+01
2.763338912437028938e+01
8.398449592435333955e+01
4.326995789775709511e+01
7.101766996128176856e+00
5.417855100464120710e+01
6.268492415455101963e+01
4.265274831297240610e+01
6.503234501307440496e+01
5.391001717064866305e+00
4.802663588894805713e+01
1.612702521856699178e+01
4.073271113396685195e+01
1.108947552136059223e+01
8.563103369746106353e+01
5.367016660502139302e+01
5.154352860509824552e+01
3.353813832093748459e+01
1.008803820660887851e+01
5.031301992177770188e+01
6.002641114922803922e+01
4.855147607863737136e+01
1.322797991324996580e+01
3.291563925355474396e+01
3.287457124235790218e+01
7.023515020170306933e+00
5.894582062700061442e+01
5.790331621255626970e+01
4.538172170403674244e+01
4.717471678866917983e+01
4.795308838980248822e+01
6.792348493406672105e+01
5.357713693924367959e+01
7.073888563217312253e+01
4.130749228691131947e+01
3.332801944004609851e+01
2.922551852387450921e+01
6.368834876766813125e+01
8.020491737372856278e+01
5.610600784896168847e+01
3.753370617734139358e+01
1.567811061660342986e+01
8.397882441220434657e+01
3.161911084295175556e+01
1.698181142952948264e+01
3.744389336603521201e+01
5.577916577575967239e+01
3.966010143169290103e+01
3.586304361722615397e+01
2.522748932612082129e+01
5.588337162939355451e+00
7.849416411486240008e+01
2.626705160861550148e+00
1.157559573874669390e+01
1.463841155403742178e+01
7.871074066812116143e+01
5.662327270315317662e+01
3.650864197674679446e+01
4.070450604354045510e+01
3.992001957162488424e+01
1.520887114358546910e+01
1.651877976885292654e+01
1.771354355882174758e+01
3.930423274544573076e+01
4.249132840394206312e+01
7.948893538633006983e+01
2.543809910239029648e+01
5.211480245923723942e+00
9.807570173601062535e+00
7.069634089647421149e+01
4.795222194038750274e+01
5.257318324861397940e+00
9.983976937343674862e-01
7.765572820177322910e+01
8.807920315455012883e+01
1.064600060103579082e+01
4.405928144751477760e+01
8.817655201307354673e+01
6.636267226147249687e+01
2.676722094425922549e+01
7.098471348650909363e+01
4.241144374203067713e+01
1.130812082557976161e+01
1.755936030024844285e+01
8.859443138030316334e+01
3.954787569457833030e+01
2.494392128400714981e+01
7.286294256885531695e+01
1.715211769627691041e+01
3.993947261255996750e+01
5.175641403653467165e+01
8.855289264368887814e+01
5.735345174088900677e+01
5.885863879376982055e+01
5.505285306067444040e+00
5.560112921865167124e+01
8.861266792172912687e+01
3.557746101221803059e+01
6.296252669509757283e+01
4.912739998705058042e+01
4.766051505178602099e+01
8.078152315734617162e+01
5.618308954839523750e+01
4.844205565100516964e+01
1.267366160833839395e+01
5.454142777694053734e+01
8.623720770951520009e+00
4.552221364263000680e+01
2.980343940343756870e+01
9.685852295059756756e+00
7.590677916866134467e+01
9.752763094361009522e+00
3.793696873121008650e+01
4.754749038753321777e+00
4.498459516463545782e+01
6.597574025676964382e+00
6.339978371313606686e+01
6.340737955714480023e+01
2.785609703990561670e+01
8.293059082628249712e+01
4.617160203268788621e+01
6.203772495822641275e+01
6.935099394089024827e+01
2.660534108928748864e+01
8.623463056153858020e+01
8.648065425727525124e+00
5.568284630979307792e+01
2.919965409371674170e+01
5.126224213553607001e+01
1.881645228499669997e+01
5.064123095901008043e+01
1.808160261365629395e+01
7.234799695982260914e+01
2.685477802852177476e+01
3.765462052631532686e+01
6.969404146256407273e+01
1.879648206248401721e+01
1.085403718457215483e+01
2.313890733244679865e+01
5.449501863298114301e+01
8.352583561417725377e+01
3.614256737497961325e+01
8.963169839199733246e+01
1.978091125860021293e+01
4.635476906353649440e+01
1.385010493388054087e+01
7.016284521954673892e+01
8.897607859605649594e+01
4.572310820823507527e+01
1.949284109459546999e+00
2.981721502931203815e+01
3.939403930011531685e+01
5.791556149346558868e+01
1.079727245447182327e+01
7.629663748202109907e+00
1.111715476887745169e+01
5.209294435736321560e+01
2.520146212164457111e+01
6.253157668376198330e+01
4.912724384684222656e+01
3.287087181419261839e+01
5.942149134759187490e+01
6.356260267487693483e+01
7.536618541751413147e+01
1.295976072502332954e+01
3.947524311410114706e+01
8.322994941310427919e+01
1.981771081468760798e+01
3.761924869966675544e+01
8.355613453781090527e+01
1.729543543071787681e+01
1.092153203965718333e+01
8.514655658891594214e+01
7.156523778796251634e+01
3.157640011894966037e+01
7.075618610999926261e+01
4.986889549377902853e+01
5.429843839899368163e+01
6.406027624617040317e+01
7.933218775318422900e+01
7.669592492694118135e+00
1.312441576831682166e+00
7.673695685617562390e+01
5.927874131867644536e+01
3.006793271264905698e+01
4.184949108257488781e+00
4.078409812921173483e+01
4.856994517041792392e+01
2.325649265478798000e+01
2.649888239132470957e+01
4.532624217695092739e+01
6.066436930595743604e+01
7.728784047739114271e+01
1.556658335149553629e+01
3.721231619714423289e+01
7.341224939286058770e+01
2.273065566638528168e+01
2.483460333189061942e+01
8.431450370306413333e+01
3.043502012656056266e+01
5.797229916477342471e+01
6.284227954969925634e+01
3.656800740115525628e+01
8.360944922135020363e+01
3.231535768902123351e+01
6.315278685332055275e+00
4.005051680258365110e+01
2.381463913484662243e+01
3.786631056617120805e+01
6.864768892180569537e+01
4.505135681516576085e+01
6.390995301987540955e+01
5.718998566781238679e+01
1.463056008581375877e+01
5.626764638386633877e+00
7.796956203696531418e+01
4.400326569108401742e+01
1.828051662453838233e+01
7.934256439534880201e+01
6.613194245595433074e+01
5.595259057414329362e+01
6.990115380224609964e+01
8.385722487288958860e+01
2.892212890053865948e+01
1.865352926008760193e+01
6.334508008672445811e+01
4.409241730789290159e+01
8.704919220325808737e+01
6.742218620493447645e+01
1.086510710712722272e+01
2.224492478142374097e+01
2.721365635804614413e+01
3.204019014477962912e+01
3.967542401074825165e+01
3.196608485061724636e+01
2.200432215756298504e+01
9.499028165213331931e+00
3.972425632123250949e+01
5.020319562155206228e+01
1.512711617988982837e+01
3.217646738644359061e+01
1.915302835087255673e+01
6.736429434341850708e-01
4.317421312262950295e+01
5.139875629436230753e+01
6.194157635644149451e+01
4.648993518671689174e+01
3.164929055060110485e+01
8.648256058837500859e+01
3.053406537841508595e+01
8.460811255943295350e+01
3.580634482903086280e+01
6.763547992998275049e+01
2.689983845899543624e+01
2.958272606175021480e+01
7.696366699418030066e+01
3.130424640316332585e+01
7.741736993814589241e+00
4.176426913572672817e-01
4.559951863361292368e+01
1.434713129409749932e+01
2.105547855728643469e+01
1.686813362681152029e+01
5.680100813858358322e+01
3.430950202775551183e+00
3.308456611480683307e+01
3.862308546473172299e+01
6.049415494793645820e+01
2.076993881308569101e+01
8.473683854145636474e+01
4.804396837652158325e+01
2.600821191914500119e+01
3.972056310028067827e+01
3.896959488635825153e+01
3.366437292372533818e+01
2.649476298957792508e+01
7.009788279032898117e+01
7.195163981458290436e+01
9.667712074040823111e+00
1.213509691529187506e+01
5.860242604548088252e+01
3.545871673227202336e+01
1.361351283297732628e+01
2.495789397686226430e+00
4.320237177850543731e+00
3.453763086794037918e+01
3.250452410349875265e+01
7.745481848695754934e+01
3.271554923909911849e+01
1.635575499880380690e+01
4.221578636951612395e+01
7.361753841831360035e+01
8.877787478687099565e+01
8.786413457980870589e+01
5.741959385194903120e+01
1.697585898679325211e+01
4.583382472473461888e+01
3.951952321023087222e+01
4.827405933082918210e+01
6.379883078556019171e+01
8.027640433364912553e+01
6.509148958928834361e+01
1.058163799400811733e+01
5.471170845834658536e+01
1.106128011908854569e+00
1.301073282653228702e+01
4.622930509907565977e+01
5.668220599546816629e+01
7.727462033742230574e+01
1.717296376543158942e+01
5.982918599573729068e+01
6.849385920392994365e+01
1.782353244536901116e+01
4.323185004758479266e+01
8.246053644125669280e+01
6.845012845339021545e+00
8.307187691437390242e+01
3.079071290881906009e+01
3.993955860138836300e+01
4.991409990963845900e+01
5.144908683569750707e+01
8.262460949178182545e+01
5.078605112184371251e+01
2.559765757120712948e+01
1.461430598984757623e+01
1.131045145854093370e+01
4.181026168167674228e+01
8.728881168582321948e+01
8.068808807925995552e+01
2.968924895119024754e+01
6.109112541220865467e+01
1.346439675578011652e+01
4.276642714099649822e+01
8.728617866732598429e+01
4.915079196279629414e+00
1.935916809412154826e+00
7.893572015594773461e+01
1.243747362768819187e+01
7.271244899808094431e+01
7.241043041836356053e+01
8.561241573729168408e+01
8.550233680834864458e+01
8.703763541838580409e+01
6.467557391716923121e+00
3.074367372248129726e+01
2.727768523424188629e+00
5.764224891595236500e+01
4.105122542137371155e+00
6.135151826859867441e+01
1.850250570539500572e+01
1.187673215884395717e+01
8.069382087191854680e+01
8.268918846559706992e+00
6.993836473035231904e+01
8.837100726323221522e-01
5.962120163690887154e+01
3.320817766927508785e+01
7.727842183045977720e+01
5.978906402308982848e+00
2.260825532672412308e+01
2.463617493817498172e+01
3.865416421631412902e+01
5.221358840116924682e+01
8.518968764280887740e+01
1.498268876847158637e+01
3.428835506082671003e+01
1.072482745076565713e+01
3.452066892328434022e+01
3.829298761555650543e+01
8.578785414072431337e+00
2.858357531325798462e+01
5.529658596044865959e+01
1.115203162746806242e+01
7.953625590957523173e+01
4.561884061522754763e+01
6.628792954360919509e+01
6.691105933771075343e+01
6.850012990023488157e+01
4.368373219795267204e+01
5.152092759322169968e+01
7.388761761314819410e+01
3.830976483617840245e+01
5.672548181922189769e+01
2.469094187476245139e+01
6.600114569104388806e+01
1.890884854458324682e+01
2.160767868377672229e+01
3.383907325592557669e+01
3.219642691810043544e+01
2.739707386818106727e+01
3.410282207562430301e+01
2.406442063981075741e+00
2.950289057454622821e+01
4.368411443378863623e+01
1.921575846773052376e+01
7.824850214478227883e+01
3.598296882774444150e+00
8.185754234290807574e+01
2.714526110654082203e+01
6.842653879111030335e+01
9.239119421616640793e+00
1.810389466388736679e+01
3.372932793852852740e+01
3.475266518221949497e+01
6.174579016878684712e+01
6.057217623215865387e+01
7.114864360256741627e+00
4.477739758124992164e+01
7.403499291405850613e+01
6.668340893358453059e+01
7.638688308476555733e+01
8.906290830041923812e+01
8.790296352641146882e+01
4.863437209277824280e+01
1.552781943968624745e+01
6.327491006507435234e-01
1.439872464991009693e+01
3.304826055958135811e+01
3.311529643190515770e+01
3.844806616821500711e+01
8.398999557389329240e+00
1.052558079512508016e+01
4.513401526829927235e+01
5.321119377704925313e+01
6.640257976816465657e+01
5.976390636227026221e+01
6.556381617593829958e+01
2.095980154840801291e+01
8.450545387422542376e+01
3.028042843206121759e+01
1.166887889865084915e+01
8.228046736705373121e+01
3.709524443561478080e+01
5.725240396584623426e+01
8.258687440806301083e+01
1.836617603910002217e+01
6.502678373117332455e+01
4.415245274159923383e+01
5.631439241190660994e+01
7.752769976819837439e+01
1.478933431652644614e+01
7.800231125648289776e+01
4.181748215053874418e+01
4.970801389878562304e+01
6.117681973609593626e+01
5.246021501529413911e+01
8.899626158864673187e+01
1.363175860828034480e+01
2.376970761838077095e+01
9.762900865882874868e+00
7.980657094306287114e+00
6.215842139245194886e+01
4.186307304152921915e+01
8.787117412186585597e+00
8.972860622784962104e+00
6.204029825623506866e+01
5.679773261228537251e+01
3.722872421184678871e+01
2.169723290469828036e+00
8.469329334706252155e+00
5.879843893761437101e+01
7.735617503668039774e+01
7.769479717760162885e+01
5.567993374052871047e+01
8.428736342441469276e+01
1.137253744025396074e+01
6.612635785843052361e+01
1.567668752438270419e+00
9.794559552942914138e+00
2.417878956611122376e+01
4.785394591457382774e+01
3.251247335812684724e+01
3.890089469178857939e+01
2.398158250129505831e+01
5.977865898463038263e+01
6.582040187164335521e+01
2.650513231020377170e+00
7.293385915695995436e+01
6.070279175906095048e+01
4.087324325899851374e+01
1.473315297871926788e+01
2.638396131096142128e+01
2.510092593904584390e+01
1.812658682077877259e+01
7.219699608326627072e+01
1.645110290735925318e+01
1.793370089934721889e+01
3.101356515405774772e+01
9.076204851920872230e+00
4.132541635186070295e+01
1.819383455316442522e+01
5.570112576501705348e+01
7.641857656384740949e+01
6.352670363873558657e+00
1.143240185198135350e+01
6.226728894446271312e+01
2.413674240835256057e+01
6.848307688719339126e+01
8.142142089461172816e+01
5.381379241507468691e+01
4.982538563992753922e+01
8.203652791419422385e+00
6.170640544848313880e+01
7.044036934519002102e+01
4.097763245311579539e+01
7.040730158790265136e+01
2.317345249218617198e+01
3.950710574643713002e+00
4.142368733986061535e+00
2.081924128202308921e+01
7.217632552136238644e+01
4.602603334764003762e+01
6.583700441839334871e+01
9.109123141239368948e+00
6.310924557801469348e+01
7.485121590803765912e+01
3.470564781435488300e+01
1.316537250915528823e+01
1.746476247253822933e+01
9.645445973494501501e+00
3.839459877447305303e+01
1.246442815648235758e+01
2.010477884477916177e+01
4.671533137796417634e+01
7.960165982245767680e+01
2.046692699072349697e+01
7.571795606061292006e+01
8.549012313734338875e+01
4.908621712178147334e+01
7.514047557118662723e+01
5.572740137139072658e+01
5.248697313951014820e+01
2.698912333686584120e+01
5.034738026952828704e+01
1.605631597540306288e+01
2.600353641709516950e+01
7.492953883751847854e+01
8.236880726279515841e+01
2.816919862382529516e+01
4.054699733838018005e+01
1.057033360339001504e+01
5.798466468763783155e+01
2.760292499129533006e+00
5.109503518294765456e+01
7.831001818411455417e+01
4.807354132643586908e+00
7.673177220485254679e+01
7.940763271210481378e+01
5.622627572462515388e+01
8.292768489312845759e+01
7.071492415002424536e+01
1.959244245171601762e+01
5.847014711649737251e+01
7.404441696725968747e+00
1.133456454852284168e+01
6.470721211899881098e+01
7.856602700865160216e+01
7.670854330839274837e+01
5.944654935366446580e+01
1.650591513153720413e+01
4.739566204354228773e+01
3.326409945874187457e+01
3.825482001367048923e+01
6.730204405044716509e+01
4.736687556431080637e+00
3.932599882010166681e+01
5.097505634306462952e+01
3.668388954959395676e+01
7.405157602794844252e+01
8.866967037417583697e+01
5.411342246575792814e+01
3.458823806415659874e+01
3.506231213474671193e+01
2.770798462578973087e+01
2.457372131243499069e+00
2.735327313509098524e+00
1.487697680992876670e+01
7.926477817833611539e+01
3.774504760018126959e+00
4.250413488001586160e+01
4.245472266215279689e+01
2.016577277175350957e+01
3.045592361258229186e+00
7.069762371016749114e+01
7.973806979519402205e+01
6.041456995020617171e+01
7.222279510799772595e+01
7.188332083361838443e+01
5.388900644229386216e+01
6.970403111021349218e+01
1.320406237887360845e+01
2.660755945108540388e+01
1.558740070639106357e+01
6.679227693865719573e+01
7.545125888355514121e+01
2.766515522527349802e+01
6.948469706471792051e+01
7.504825006943168830e+01
7.668776017379929755e+00
7.416082785237085773e+01
3.688904642537340806e+01
4.543154848431933601e+01
4.998591273412408498e+01
2.115789433150471766e+01
5.092758068725882481e+01
6.588569373714567234e+01
8.891348435702054687e+00
2.003767503509173409e+01
3.601892215694929433e+01
3.367897926385521146e+01
1.003947829624798871e+01
5.108495546963673917e+00
7.156855528812778289e+01
8.003753950472771805e+01
5.498222278297115739e-01
3.416394786179554188e+01
6.784987408491551264e+01
7.113042850698913355e+01
5.953736217896110361e+01
2.431821598526810035e+01
7.448474698897865665e+01
6.098687549202225711e+01
5.676583758587719331e+01
5.960099979403288728e+01
8.836627203439540779e+01
4.116327130373675658e+01
3.311143032699613542e+01
6.981514432244208024e+01
5.937185968429452743e+01
5.320158909847760853e+00
6.211474081819014259e+01
4.716527412993907120e+01
3.898095611350950662e+01
1.455004859877270285e+01
1.662664321404682255e+01
2.779951430089743170e+01
5.280950732407178094e+01
5.194817618789200964e+01
2.822155311828590385e+01
1.538768437901471309e+01
8.752887090289672756e+01
4.125046625785323329e+01
4.494325328766302619e+01
5.951686765715698613e+01
8.885764198575706985e+01
4.045452900593215162e+01
2.365430176348316849e+01
1.484396257815724951e+01
4.122907310954193605e+00
8.394624568937264542e+01
5.155343618485771628e+01
1.622498267370922775e+01
4.789950407478458771e+01
1.427351366661231502e+01
5.864298647788254470e+01
3.997604804767397724e+01
5.487106726459626316e+01
8.495236166890589402e+01
2.196284244292590948e+00
3.696679381308459256e+01
1.768423417746746296e+01
3.159443764961546108e+01
2.423932631900688861e+01
7.111772298261502101e+01
4.195476843242883547e+01
6.268345114602301926e+00
3.306691486474024799e+01
2.855329609227801058e+01
7.090426893449470924e+01
3.273975549644278971e+01
6.214202729680831538e+01
8.127548149458284854e+01
1.557093155466956702e+01
2.525962561011085583e+01
6.510640288067963866e+01
1.888442959879398941e+01
6.604065657059530281e+01
3.778826120227597585e+01
1.134752754827488097e+01
2.196571544833371803e+01
7.208693136664486190e+01
1.776323786632205071e+01
3.451328048264765869e+01
1.509046915661926036e+01
5.967181113964957717e+01
2.590150710967606962e+00
4.383289167281364485e+01
4.514416266513136122e+01
8.159206517452240348e+01
7.117230298045673464e+01
2.820705074813009716e+01
2.633762498086738546e+01
5.211383324758828195e+01
2.038092426722566586e+01
6.225603902090892916e+01
3.352158246122063190e+01
6.094462303206886133e+01
7.412987660797632827e+01
6.328259837545849820e+01
1.624491603013964536e+01
1.319665131394217816e+01
8.483478384261995586e+01
1.066754781941162200e+01
5.026509416156226706e+01
3.540650040926944797e+01
6.289317692054451214e+01
4.218941394443167070e+01
4.333844876633014209e+00
7.224184928469900058e+01
4.764351287406557844e+01
1.257344565129393210e+01
8.213551453505887778e+00
2.827404615130786070e+01
4.514795770530636077e+01
5.074669450425413686e+01
5.297818278287009974e+01
8.041985498563977330e+01
2.750517185315211321e+01
4.075591415808582951e+01
3.920179349950709735e+01
2.121596071890285629e+01
2.992663060102491457e+01
5.726002859100544384e+01
7.582239928157063957e+01
3.491926117211465908e+01
3.257773404130632766e+00
4.331044146926937088e+01
8.864255249163801409e+01
6.632580386095678193e+01
8.555894255214097655e+01
3.342347046040308811e+01
4.873085604140980109e+01
7.154090214526533487e+00
1.532535675147832599e+01
6.120627406325949238e+01
8.176931671880598884e+00
3.807877275124720029e+01
3.561723956371096023e+01
2.303426295133568757e+01
7.055768370135426437e+01
9.659994219758740286e+00
7.226923509108108590e+01
3.044294084518933730e+01
7.696371112397817171e+01
2.135020568612770830e+01
4.149443903934845679e+01
1.160063030876777468e+01
3.687290715224489901e+01
3.030935934817702559e+01
6.866793715898043615e+01
4.341727699517935690e+00
8.644317310736252580e+01
8.481255251576511967e+01
2.217966164375150129e+01
7.665564386153113219e+01
5.090168137321028041e+01
1.679280088813075977e+01
7.357405989914650490e+01
