1.153078012752992088e+01
5.923115638266911986e+01
5.985830871416555965e+01
1.346457901911407085e+01
5.765039369474562392e+01
2.393462631506175597e+01
3.368128912698850996e+01
1.264351253807627362e+00
2.449373590511601151e+01
8.531080568709369061e+01
4.821894006003394395e+01
7.985783402914444196e+01
3.080841378474605818e+00
1.681157321815104666e+01
2.541957060499852972e+01
2.972728103110913622e+01
1.285547562977254010e+01
3.786905920980371576e+01
7.932483147939201729e+01
8.217903680765314789e+01
4.693753600404802739e+01
1.469844999013237263e+01
6.316593733956840317e+00
3.508350750379837280e+01
5.781501305490869669e+01
5.237124834682404639e+01
2.504263938567021697e+01
1.968795124882110059e+01
7.572494317606827963e+01
3.869993641897419678e+01
2.261475980697979082e+01
1.425113498477730190e+01
6.851193080205844410e+01
6.078819645664333393e+01
6.314389605659978599e+01
6.040388929492799264e+01
7.079781436738370815e+01
5.216488326015247878e+01
5.738655301810504028e+01
2.290911418764757812e+01
8.392440761592192189e+01
8.521611679522862914e+01
5.243863060746492266e+01
5.997986094239235655e+01
1.420926917181685667e+01
2.625198004564984799e+01
8.865530515670986489e+00
4.992857252807577595e+01
2.005839045359049067e+01
6.212019004345499695e+01
1.016939624074128012e+01
2.987292864487316280e+01
8.198579970995739075e+01
6.235634728285709372e+01
1.393651556495158061e+01
7.718355236510875272e+01
5.469628740279142676e+01
5.965878696982332485e+01
3.220891980390705811e+01
7.925842772267260727e+01
8.806894826436688106e+01
4.331989895067548701e+01
6.615305355751253558e+01
6.543854836805100206e+01
3.934642217592453051e+01
3.484728012246939066e+00
3.446464544077230840e+01
2.586084196507432864e+01
3.437431895471005561e+01
7.906663590226409610e+01
5.937548318547812443e+01
2.848598516134709158e+01
2.946182600863549084e+01
2.908594481646422025e+01
7.751882583446655417e+01
3.679531386669647475e+01
7.235587530636159670e+01
6.945253031871955329e+01
3.763394774265254483e+01
4.006750430896779136e+01
5.240921198908039713e+01
5.837470609552653400e+01
1.936826006477235396e+01
7.093408399194173342e+01
6.157136698131268560e+01
5.520629181459939616e+01
4.141481570117067434e+01
5.227317347317129048e+01
8.403040468910315042e+01
8.232984548518048484e+01
8.945896386820950852e+01
6.058145402206089614e+01
6.116183307280277148e+01
7.668820115207109822e+00
6.822077379041991207e+01
7.093052615001170125e+01
3.506389713735216418e+01
4.628427550986478423e+01
8.371035624609920944e+01
1.822517355030242037e+00
3.376119024640347277e+01
6.129089562278760894e+01
5.486232028912687753e+01
7.766146164243953365e+01
5.159141294433024427e+01
5.517917937854092258e+01
6.470920935935011720e+00
3.712082206677189333e+01
3.558021715017056152e+01
4.552443470610944587e+01
7.596616383541511652e+01
2.419804678162898171e+01
8.040993042251548673e+01
6.991339208272235339e+01
1.636584793785820580e+01
6.829043630999203174e+01
1.794760256699142076e+01
4.303140660939100570e+01
2.486142502972629487e+01
8.688329785369458591e+01
7.556718810700336064e+01
1.923559438617632011e+01
8.990285886735578913e+01
3.555989951488012224e+00
5.757879870502100772e+01
1.637722150191977022e+01
7.466049512449710335e+01
6.117071444570962768e+01
7.251597231877023830e+01
3.862837889589033580e+01
5.747000887830439808e+01
7.556115700023939041e+01
3.559060760817735769e+01
9.433278964082630225e+00
8.452544855511774813e+01
3.499766923081448056e+01
7.820791608687434859e+01
1.980829004555298667e+01
8.654647877319077054e+01
7.230594511238574285e+01
4.248113575824648791e+01
6.305626659088935781e+01
2.847988975248964749e+01
1.902785763948777742e+00
4.736496884582576428e+01
2.746276205709527929e+01
1.734218908059788067e+00
3.827724330212407722e+01
8.538866342687893507e+01
6.933046610848958835e+01
8.798328964082416803e+01
2.779255872870258059e+01
8.298464911103657471e+01
7.931837089006531016e+01
5.173426882340733357e+01
2.469246812653218015e+01
4.615465434437577841e+01
5.289413325398685117e+01
8.891765827461665594e+01
9.044065696928383247e+00
5.915910432506244376e+01
1.140682009541265174e+01
4.203007570274402838e+01
8.876425195187360373e+01
3.284111915299403250e+01
8.371240643044345120e+01
6.549996555376432639e+01
1.984820376550545262e+01
3.787602702189458626e+01
5.897939959554783229e+01
3.785120931500922126e+01
4.989361324483186877e+01
7.508494490084676443e+01
2.217660760568279343e+01
7.633440531314303712e+01
5.908759449525508245e+01
8.704170254106436744e+01
1.563983106974307979e+01
2.859653049607880249e+01
7.166678338106370916e+01
3.702835181014395971e+01
8.973477725430149121e+01
8.560215158147804004e+01
5.508832491695367395e+01
7.361218363723209279e+01
1.335565054213398284e+01
1.007792297610058796e+01
1.191354925209491267e+00
2.164142007803332746e+01
4.973199127589182211e+01
8.460153934594016789e+01
2.722559996561804496e+01
3.093909511237966115e+01
3.241699765624596807e+01
3.457667244951718288e+01
5.367749162187831757e+01
8.642469000278765634e+01
5.568696171501665759e+01
3.889818576000785555e+01
6.574394244413075228e+01
8.690592052800968759e+01
3.507817871005508437e+01
7.377978126104678402e+00
5.902862904375567155e+01
1.335041705977193693e+01
4.863715749167320013e+01
3.844010175814900521e+01
9.890749649307693403e+00
7.930661882108788063e+01
2.139507516040494650e+01
3.690357870082104341e+01
5.716051367916470127e+01
3.443395549511915732e+01
6.588403891263227763e+01
3.544741657577877625e+00
1.306914117005436182e+01
8.198709534814646815e+01
6.410351908128163245e+01
2.671232297649392606e+01
6.261824746363602401e+01
3.952132912167416379e+01
6.666014782295943064e+01
8.941719895356241921e+01
8.477247977627177988e+01
2.964599960415208812e+01
2.862233722192821972e+01
6.055274647514463027e+01
1.004574473409375379e+01
6.699208202631943720e+01
6.672887042193779905e+01
7.907867540387741201e+01
2.192986085838174404e+01
2.020027172125496762e+01
2.602318819428412411e+01
6.876625712279525260e+01
6.152097858732322067e+01
2.858430965262005685e+00
1.405614873088595473e+01
5.680958982412674629e+01
8.757600028581135732e+00
8.597147941564260520e+01
8.224697521509658316e+01
8.197723376075236956e+01
5.088710562603021259e+01
7.171288918115736521e+01
4.820410386934371161e+01
2.948241749077303808e+01
3.714085209568611390e+01
6.702397625894217015e+01
6.267598937860407204e+01
4.021850572656521017e+00
8.583967977486604184e+01
6.381892091752695251e+01
5.687538418936141227e+01
1.108367171744393254e+00
6.551119708050386237e+01
2.134646964894534804e+01
5.815295314232755430e+01
8.672181847120937448e+01
3.668674298384254939e+01
8.520515065877447114e+01
6.325079884342684977e+01
7.008532282831214388e+01
1.022180674383818655e+01
5.925049756845407956e+01
6.201566043699174458e+01
5.272193310766467533e+01
7.276590727653098156e+01
2.544307931167535131e+01
7.180240186694766180e+01
3.445081007590243871e+01
3.409288075395510731e+01
5.254822579216801870e+01
6.978503841195421842e+01
6.931135639188119058e+01
3.138803293801444028e+01
8.551794377456832308e+01
5.915511012609543684e+01
6.366001642135852734e+01
4.373507497013877554e+01
1.242054517261858004e+00
3.516462984460271457e+01
2.737917497610763107e+01
2.891088352214136492e+01
8.687688856610115806e+01
8.795352578250597730e+01
2.964077959256403716e+00
4.460759712238407104e+01
1.559366032898309840e+01
5.940091289165262367e+01
3.877596310463936824e+00
5.427846090637691390e+01
5.056168491576845980e+01
4.738279536085921251e+01
1.688459670433482174e+01
5.161051901114390716e+01
2.192536071182544788e+01
4.343045475794473020e+01
1.397796452431395764e+01
6.989167877999389589e+01
1.266213958535965922e+01
8.116194203969860155e+01
6.681529227741357602e+01
1.998888267980539757e+00
2.939636209299026604e+01
3.455968205745398336e+01
4.722227457717046661e+01
3.800295020019699166e+01
7.752287436210251315e+01
8.285820824663345263e+01
8.719564701010096996e+01
2.765676214087647367e+01
6.987047320107551229e+01
3.791524640313452466e+01
6.198969911394126342e+00
5.441612726492504493e+01
7.235545621181967135e+01
7.508927331408921191e+01
5.652284327816295217e+01
7.512134662351353143e+01
2.987405460468028551e+01
1.554021946124086639e+01
7.875231790681839072e+01
3.655757960299555265e+01
2.660107611282087348e+01
3.800980681031358444e+01
4.572164628769632699e+00
3.449450893455171041e+01
4.665590257032317822e+01
6.001639482381367685e+01
1.417335597205539699e+01
7.741676485005557140e+01
5.420662691775892483e+01
6.898923156619636643e+01
8.367056541131186975e+01
2.503566190275948244e+01
6.126702086331733454e+01
7.305292508640339122e+01
7.562737352722196249e+01
3.894085833780011541e+01
2.714876234357324236e+01
1.518761129818093814e+01
4.705069012408647922e+01
3.780716841800284556e+01
1.195389666848032562e+01
1.613370030075310169e+01
4.528488423946473063e+01
8.251190137877333086e+01
5.969095839717536478e+01
4.535911856465355640e+01
1.146228067311080245e+01
7.376423019087843613e+01
1.071645667176886008e+01
6.340077942160315416e+01
8.011573099083554439e+01
7.929105503960320789e+01
7.256336647462809708e+01
1.528127108916510490e-01
5.929986427885551592e+01
4.829525664408156871e+01
3.725804920922159624e+01
6.417558116963887116e+00
6.523189575078407643e+01
1.750936652879298450e+01
4.464886701503062483e+01
5.659946328011006500e+01
6.342462391083153506e+01
4.695469436506943595e+01
1.892922868624699717e+01
8.525204118889287486e+01
1.362855711232884026e+01
2.924232965358463332e+01
8.901148998521138367e+01
5.881716466826571121e+01
7.823799522670142892e+01
6.685856931381223944e+01
1.806160175548437863e+01
4.061052126179203015e+01
4.673048531741922318e+01
4.343837275704640177e+01
5.467956981257788840e+01
3.799173205164410660e+01
7.513027221703143255e+01
6.330985765683782063e+01
4.499479295342131735e+01
8.143110927312399383e+01
1.484972600282939048e+01
4.534825679930884945e+01
7.325005298890879146e+01
8.080259054293804866e+01
7.416442766950832777e+01
5.124832372683643200e+01
3.624520632675179144e+01
7.685737528554717812e+01
6.917428878339238452e+01
3.546931818629310129e+01
7.314391925527593230e+01
1.755380735596916431e+00
1.558004009730699480e+01
4.284949444375193650e+01
6.212133594499928080e+01
4.943389532441587875e+01
6.079520068204934091e+01
7.546498855281744511e+01
2.525242476226183541e+01
6.664222880255339021e+01
5.437805103662645578e+00
2.119477258051509949e+01
8.158009983546668309e+01
2.783574079104908350e+01
8.454299770059189711e+01
6.666010205629069674e+01
6.874184506056515431e+01
6.364310763816211391e+01
5.937031857075366048e+01
2.323828719849890234e+01
4.939004328094981844e+01
4.568751646276270861e+01
6.262543330499941874e+01
8.905521637629018983e+01
7.898245000767637691e+01
7.187838500174298417e+01
6.022123273520387698e+01
3.503628835821740495e+01
7.267936588490580618e+01
2.900189752970829815e+00
4.346155200962813581e+01
7.176278626771171787e+01
6.384700521503719983e+01
7.303602982951549905e+01
1.825245392480174544e+01
5.161367636876105536e+01
3.143516145789317662e+01
8.672339400148281641e+01
8.215643474472524588e+01
2.868497050962849571e+01
5.624338891314176436e+01
3.553601778434988034e+01
2.537966992851078274e+01
7.129673552726799812e+01
5.985341668799944870e+01
5.717254985122775679e+01
7.172337909367948328e+01
2.859877643592798435e+01
4.579378618481627683e+01
2.642094178405886851e+01
1.880205529890100280e+01
2.718513165656891317e+01
5.983595081264425630e+01
6.569982819110965977e+01
3.571811524345208255e+01
6.298073808605127510e+01
5.146395641083514505e+01
3.310066733622823421e+01
6.852099997986016433e-01
4.041843377469687226e+01
7.782426971074880839e+01
7.625758324039898639e+01
7.417090598364477216e+01
7.702009056764326012e+00
7.640865903106848123e+01
6.761661960765209756e+01
4.724718586203573523e+01
7.541130742657020392e+01
3.231373866445546028e+00
1.566749823599084479e+01
5.630409786689417473e+01
1.518741874588916652e+01
4.688873227083439588e+01
8.005961572091577239e+01
5.390891151403283743e+01
2.891021299325464966e+01
8.504282598538155824e+00
8.896319528434000290e+01
2.213721103121108769e+01
1.658313848597918039e+01
7.997212006782676497e+01
6.411666103738936329e+01
5.350932635205172971e+01
4.581516580614226797e+01
7.703335325221543961e+00
6.855631616820416241e+01
6.480699906536376886e+01
1.506753150071107861e+01
7.500727011590674920e+01
4.142994477731271274e+01
3.206613007346731337e+01
5.203315308628477709e+01
6.245744645445802945e+01
3.950141847107573767e+01
7.649546883839822442e+01
2.820160306847393628e+01
2.196278020495812200e+01
7.660004816375452208e+01
6.848985518833451636e+01
5.136381359644763478e+01
3.261715476225658961e+01
8.601679759474686193e+01
1.956825888421117554e+01
2.380862552725024273e+01
5.520246284265385128e+01
2.708569025520878171e+01
6.874467839617437903e+01
6.428736967104613598e+01
6.146742273503788212e+00
3.143230357858124435e+01
6.870963435447961842e+01
5.083449479936435011e+01
4.512225342137117678e+01
4.391336347998691991e+01
6.957161367588666678e+01
1.564784664674912662e+01
5.410666003961706849e+01
1.714621019524670587e+01
5.393946608106812590e+01
5.601240866113947448e+01
1.924104844604478970e+01
4.952442841770475468e+01
2.558637814916737341e+01
4.389284916995026009e+01
5.449480830809538645e+01
3.538525302910004200e+01
8.037627361941932236e+01
4.678112326548028932e+01
2.052444657316051746e+00
8.250559481414289564e+01
5.492712492299722271e+01
8.109483346618019084e+01
4.987203878218488740e+01
5.203003502023974214e+00
8.426590458695069685e+01
7.579916177567389468e+01
8.110339439990572430e+01
4.285474068975234019e+01
3.001966173845618968e+01
1.945556290931964227e+01
2.135810288238543464e+01
3.758651915921125131e+00
1.419162134775857709e+01
3.609835767513165905e+01
1.263199066441656448e+01
7.637843504050871957e+01
5.208972439176545777e+01
1.469449155291599141e+01
3.323214531783408177e+01
6.453141303695073816e+01
3.321527762682412543e+01
4.952557664104823232e+01
3.175275560790141682e+01
8.059876080568274404e+01
5.797334585373839388e+01
2.751160809963202425e+01
6.234302140841952422e+01
6.377814590415651352e+00
8.451292939102619073e+01
2.752915678856848913e+01
3.128381481769637062e+01
8.797082430850936419e+01
1.060151388373307135e+01
7.914773242520067242e+01
1.212776206142866009e+01
4.514134271963363432e+01
3.913022658291580314e+01
8.662626752562583476e+01
1.638134625765725616e+01
8.295231149789420044e+01
8.675387787365275472e+01
7.341742551567033104e+01
2.212833794537329624e+01
3.898275447498308921e+01
3.205989682069411373e+01
6.458152866685394144e+01
2.342507413611328460e+01
6.281277737306748321e+01
6.734611400643181867e+01
5.035861328104228107e+01
7.096798047059054682e+01
6.921217321213228502e+01
6.112786978695081075e+01
6.143657256651078313e+01
1.702358046848815576e+01
2.360399938480131610e+01
6.811317191032937046e+01
6.460210003558137792e+00
4.523652994078286582e+01
7.129407226345762183e+01
7.945271703769616067e+01
2.819476479026816751e+00
1.280218228941951430e+01
2.370371208793065776e+01
3.065766278026500302e+01
1.564648176651664180e+01
3.628682294670661435e+01
5.704090845420002864e+01
5.520245488119714139e+01
1.250647169099545764e+01
4.226008789960397394e+01
5.378579464845757485e+01
5.344352920115794348e+01
8.195754497241341596e+01
8.670841333428548126e+01
3.192811229957833064e+01
2.952017923430733148e+01
7.104457608750118425e+01
3.406807386632230106e+01
3.658930358426065510e+01
5.111358655486013447e+01
3.741585457261437142e+01
3.336582788844246750e+01
3.134012818517810928e+01
2.461304600277789945e+01
8.181766168305767906e+01
3.345699524891789878e+01
3.259160639644786528e+01
8.062171929975505691e+01
4.736819441005058451e+01
4.510437584588701299e+01
2.922424976024672816e+01
7.539147215620894826e+01
2.123533194784503753e+00
2.263430878156553661e+01
3.126735034547176539e+01
6.352470182299545343e+01
3.737533451475679414e+01
8.211556400585574522e+01
2.917021631518414537e+01
6.730988494486550167e+01
7.932715979289122288e+01
3.104962548698025060e+01
2.307056568476670577e+01
8.143824144781370933e+01
7.076570429687622266e+01
1.668702245394762684e+01
5.461945837264884318e+01
2.905524875475087399e+01
1.574330961027754405e+01
8.512738897020635420e+01
1.865934853837456942e+01
7.485645639841663979e+01
8.197761982795978497e+01
7.504676735378487251e+01
2.658090698825306220e+01
7.737408518909369093e+01
8.618170837135940587e+01
6.193185990380332129e+01
4.606613909892463710e+01
2.729474060085016873e+01
2.301126929407341137e+01
7.218536047137104106e+01
1.436045766669729051e+00
8.182794293666461272e+01
3.640670701629368722e+01
5.375353764605732465e+01
5.842321428301333697e+01
6.460167616549436786e+01
2.336887088824033398e+01
8.551051200013969833e+01
3.581084456298765417e+01
7.154777633461239361e+01
6.444845035502422270e+00
1.729519319321821680e+00
4.183480765691626146e+01
7.068626983987279289e+00
3.772086735015932391e+01
3.357252303168546348e+01
3.118888934810918911e+01
1.982843814399618543e+00
1.081690117812446772e+01
5.087572168195726618e+01
4.866901019016731311e+01
6.091952800202800233e+01
5.595995458970183734e+01
8.711089336219372115e+01
8.537889799030497784e+01
2.231144797722823370e+01
1.545537637011640264e-01
2.875081403998746410e+01
7.573950264163070756e+01
4.864192432817408474e+01
1.410540023767860873e+01
3.581777015296477629e+01
8.944479274228433496e+01
5.391055386436003261e+01
7.215866448510931264e+01
3.476491659133625944e+01
6.683094439355308225e+01
7.871733178719192381e+01
5.663293583500289330e+00
5.091310537255997559e+01
7.373112203091382355e+01
5.125784812381000677e+01
4.064830345848559290e+01
4.800060904446381471e+01
8.841140966643303400e+00
7.645076150013800032e+01
2.403774157010116141e+01
8.191480724114823886e+01
6.887406097724831966e+01
2.998222042151629552e+01
3.416680514467857677e+01
7.756752194575967962e+01
2.814972865290287452e+00
6.325071957726324001e+01
1.063858307756764532e+01
1.983120311955000048e-01
7.168734321074489912e+01
8.079674158315155807e+01
7.935376118488625252e+01
6.595877983180018944e+00
4.224551542641357571e+01
3.005903542908431803e+01
5.788762312491114415e+01
5.223178409649298359e+00
7.156205553953505216e+01
7.739888329159317948e+01
4.290165076943267763e+01
3.612215147281636973e+01
7.100972158960858849e+01
3.331850718912592413e+01
6.454474703413600878e+01
5.560313677679548761e+01
8.366776857477277929e+01
1.321463524907107256e+01
5.421910026016353612e+01
2.597585929311484776e+01
4.943597450731829923e+01
2.236882790602584947e+01
1.814559677760529866e+01
8.558905083126154523e+01
5.395727002229714486e+01
8.783529212634618943e+00
1.285298534598730669e+01
7.819500642462962503e+01
7.451710262862685852e+01
6.614226458546991694e+01
1.284062558313267033e+01
1.378976808020874145e+01
1.778193437279794509e+01
1.203174978085378477e+01
3.235870038098376256e-01
4.363922444065008222e+01
2.787615658673779251e+01
7.526720024656371777e+01
6.795005275820871660e+00
1.464037438457238949e+01
3.560254198132872716e+01
4.628538541103585402e+01
7.563683461588765056e+01
4.316242662046698086e+01
4.318829246077793726e+01
8.920554322859707952e+01
4.420923966495831081e+01
3.441443980916798751e+01
4.718755046045119528e+00
2.622048554019790600e+01
1.049209320667476852e+00
1.415612407318124255e+01
3.667036855340472812e+01
5.509387026194403347e+01
2.354270605698923546e+01
3.180562567345454283e+01
1.992677821876928945e+01
5.664661718028707327e-01
3.641689269061818557e+00
5.685441164208100417e+01
4.266753792089097175e+01
8.130583049353079161e+01
3.068712739524834809e+00
3.253408554732075686e+01
5.728014724812594771e+00
4.707899421010275631e+01
4.530837439541303269e+01
3.472196723169111010e+01
8.746285071348459894e+01
8.575492285931996150e+01
2.327812387525186821e+01
6.894548418693801750e+01
1.479373300253076273e+01
2.886573620353620484e+01
1.618851544249445240e+01
8.260497034971379549e+01
7.674516412864302595e+01
4.063746259185165854e+00
5.808210603700724306e+01
6.410685105771241865e+01
4.194286090578685844e+01
2.448170423955428276e+00
7.530934234029784591e+01
1.946431114523547024e+01
3.101320289336999991e+01
8.106097277237635979e+01
7.871836375209446146e+01
8.593553462172671686e+01
5.897444566807114796e+01
5.503484862360414809e+01
7.198136635735960454e+01
1.072408820808534724e-01
1.292042396024435114e+01
9.046427910084965163e+00
5.018602933950086253e+01
3.950618415331118882e+01
7.761253168549811221e+01
1.199803016598036720e+01
8.315971130573430514e+01
2.480448151761017073e+01
7.934326774319728770e+01
5.835849099746580393e+00
2.078967495133562160e+00
1.405901395260944398e+01
5.348937357022202121e+01
5.120538816116498282e+01
3.912113284751118414e+00
5.184098015828919870e+01
9.784969457891163458e+00
7.796203739528712617e+01
6.656327573424995592e+01
8.774327651564641428e+01
8.588962629798766102e+01
4.063331852891826657e+01
2.003511449213459272e+01
5.233394679480232980e+01
2.871672772930613959e+01
7.575726141219108811e+00
8.215521080363717488e+01
1.721314250794305067e+01
2.228926519048870603e+01
4.749489662319705729e+01
4.905286192340396667e+01
4.875967305052080292e+01
6.442569369472552410e+01
7.534154624107827658e+01
8.965240629624932467e+01
5.388709127886274786e+01
6.286385896651493255e+01
4.393901652987493378e+01
4.096294857590372374e+01
8.143183136439017744e+01
4.193506836078299926e+01
1.177399303192051150e+01
6.497318878863379155e+01
4.989883392200158596e+01
2.480716299080392062e+01
4.082560949674333983e+01
3.624674602132124335e+01
5.446622152891046653e+01
5.760503248698638501e+00
6.649506673343344687e+01
1.568023474354270874e+01
6.956659585356925390e+01
6.611542719453023409e+00
3.469502874852703656e+01
4.429792686302607763e+01
2.191671156305243073e+01
4.731035722592805115e+01
1.534253812183433219e+01
3.367983511404850816e+01
1.954365566409097354e+01
7.955203161238459586e+01
1.236396006560635286e+01
8.142252971208613133e+00
6.277389434984784522e+00
2.155405350053521829e+01
2.202649826105971442e+01
2.770664775534204693e+01
2.095376100963639487e+01
3.292780392688578672e+01
5.075161020208403073e+01
3.924712318780722597e+01
7.153818183272898068e+01
2.970340233032520150e+00
4.207826331403703790e+01
4.539260102639981653e+01
7.904390490266847280e+01
7.182093817389402091e+01
8.862229150664560962e+01
9.150311910012629113e+00
8.500207444295185155e+01
3.097712458623802512e+00
2.415091645531173725e+01
4.855739197129813078e+01
5.886626186921039050e+01
4.456709632937893417e+01
6.791558926709562627e+01
6.979245772293735683e+01
4.739073210897430499e+01
3.710393666130942592e+01
3.880565054157617055e+01
5.812823740259308636e+01
5.369024518999294315e+01
1.036993224275787329e+00
2.655889317528933447e+01
6.751636347918918091e+01
6.160111596020450975e+01
4.608274500351677005e+01
4.127265221028588371e+01
1.329948982697768223e+01
7.615869350128733117e+01
7.067826304480772137e+01
2.624351376989811513e+01
5.003167948007689603e+01
3.834358133931377921e+01
2.257766520701507673e+01
4.476057933617982343e+01
3.011038199266209503e+01
3.332694671010905552e+01
5.597809878082776436e+01
7.800032298355115756e+01
7.328661710965994303e+01
8.029297090024245165e+01
8.574853482606239652e+01
6.794059579908419266e+01
7.505801712739931020e+01
5.538255835644331171e+01
5.598817247082592274e+01
6.113288943330029923e+01
7.264762105489377575e+01
7.903946279938772079e+01
6.936868048683638222e+01
6.091396814131174153e+01
5.936046333452513757e+00
2.139098971012824535e+01
6.950052087409153501e+01
7.508633632158638704e+01
8.675427214878334325e+01
3.894577474132874073e+01
5.136225608355222505e+01
4.053326229368274625e+01
4.884088303229470185e+00
4.367157142107944168e+01
8.064728334426671097e+01
8.530107709019392814e+01
5.392096848464383640e+01
4.317964183670734002e+01
7.776678371378984878e+01
2.214924691177470351e+01
2.923170861916728569e+01
2.880127376690966301e+01
4.608601006153266511e+00
4.043721892342377089e+01
7.189136005168290922e+01
4.076206038655620034e+01
2.294490579490433291e+01
5.707578951139402790e+01
4.241064965134229681e+01
3.271362636293749659e+01
8.545041820060382065e+01
7.720966283326357882e+01
1.596115686890492391e+01
8.709611310613898638e+01
1.012810691648382999e+01
3.545500528471271906e+01
4.848480275672998374e+01
6.579931926334235470e+01
7.865999869456844351e+01
8.028035982725285180e+01
1.987309641327039245e+01
8.181962540630046021e+01
1.835813567715105776e+01
4.012422896533471572e+01
3.568420750612565229e+01
3.789033346293393123e+01
1.434526249839530188e+01
3.957812325520010432e+01
1.397276901746789157e+01
4.903343089466069671e+01
1.814534190599088603e+01
4.020235905618454808e+01
5.040024835173824158e+01
7.352449746966583177e+01
6.219703890892756881e+00
8.766689225964519494e+01
5.615574217539391100e+01
7.747442375819522908e+01
3.885670591725201017e+00
1.817023351306029966e+01
3.712577717978553515e+00
5.658347790824896251e+00
1.228386541393534692e+01
5.405019343246812724e+01
5.823255021607406690e+01
5.466860664501326994e+01
8.918069058049476894e+01
1.286047109595515181e+01
5.094052605590239580e+01
8.462385045318799826e+01
7.061503668490179741e+00
2.342902500104536401e+01
6.985912621810221879e+01
3.241651911006921694e+01
2.034356823610808362e+01
3.201934975530947725e+01
2.802690343448063715e+01
5.167905840423166097e+01
4.443487224727822138e+01
7.471439192283337150e+01
8.619350337815355090e+01
2.566548362941483674e+01
5.342139607689933456e+00
4.891305742376708565e+01
3.461668914049820245e+01
5.950932681376182032e+00
2.492616954561022879e+01
4.198729788564281762e+01
7.399772788478551888e+01
8.712665549432892931e+01
2.380112367930978223e+01
7.069462081099776185e+01
6.611514303169117568e+01
3.608898066615788736e+01
5.917520813369156940e+01
8.525353428640448783e+01
5.544795630036473355e+00
8.843631723586430127e+00
7.879309551539718370e+01
4.228822664326896330e+01
2.295562508472304586e+01
8.593185608116796459e+01
2.093980079717006149e+01
6.930385396951277244e+01
4.368339036971141098e+01
3.305286890693217572e+01
3.878769161114017550e+01
2.171150349357352027e+01
3.358357958680279864e+01
