2.072546769428814173e+01
7.274126130693636583e+01
5.021671556473721409e+01
3.427564584616866483e+01
1.073759334971668622e+01
8.799722293943346152e-01
6.378169790066983147e+00
8.460694364625005903e+00
1.244153079448224553e+01
4.993483182534742326e+01
3.019130137100366795e+01
8.617465387693152934e+01
6.805897818064383387e+01
4.839019485173506041e+01
1.436678566464573237e+01
8.980615343800094763e+01
9.368351446635404756e+00
3.068721159682788624e+01
3.261221795769733944e+01
1.735767092303112236e+01
5.585317238350157254e+01
5.053187397880832776e+01
6.963356448367241569e+01
5.932544867791693122e+01
7.959886567727760109e+01
4.998917416534698788e+01
1.798536905310183442e+01
5.756128790785918170e+01
1.253649656791850653e+01
4.209381317545695111e+01
5.818290117785768700e+01
2.166999122748485362e+01
5.721678927950046756e+01
7.420279486690525061e+01
5.428615788590937186e+00
4.895063753720405941e+01
2.143196665630251463e+00
5.128506357053305464e+01
4.398890605311048319e+01
7.510209147929927553e+01
2.481181974457597050e+01
2.277375691787572620e+01
3.408475657277408288e+01
4.471755116004760566e+01
8.761323158370592523e+01
1.379301384633217431e+01
7.349049655197259767e+01
6.437226423633462957e+01
6.910727933732768236e+01
4.092501762118339315e+01
2.527371551140622330e+01
2.310576262794148406e+00
5.307874883849562764e+01
4.455553016860103099e+01
7.793515185705673787e+01
7.297114576667280517e+01
2.148185677005568195e+01
7.770817262916219192e+01
1.728117530403807933e+01
7.284122030811013815e+01
5.181495007667908226e+01
3.551522598661530594e+01
4.554908850679630916e+01
5.057260713925074924e+01
4.429331064676978258e+01
5.370550174098855933e+01
2.784514875093805131e+01
6.607167977208021625e+01
6.299844248180480832e+01
5.795215863113732269e+01
2.491286963831796086e+01
2.677416678971525954e+01
1.502555687483739355e+01
4.113433165895943944e+01
4.057166769502671855e+01
8.863741708031921007e+01
4.632596165551745315e+01
4.755354465954476240e+01
8.510819122739523834e+01
4.435965109485336910e+01
8.380857140067374189e+01
3.671391201079048727e+01
1.192713183725885884e+01
3.397157210638228975e+01
6.958011410181268275e+01
8.725823875851595801e+01
2.418516050371641413e+01
6.914973468391443134e+01
1.496683469353511420e+01
7.306289291150081056e+01
8.310081265985611765e+01
1.487156449895458143e+00
3.426916294483965686e+01
2.728862521405379127e+01
7.242282270559768165e+01
7.916633893607689743e+01
3.261356451736115503e+01
6.558893813819588559e+01
2.221079365385183735e+01
5.379980992498741443e+01
7.170346012442706751e+01
6.918119093121982033e+00
2.992800417937163004e+01
3.976135316974244205e+01
2.964582579972400822e+01
7.350508574716729981e+01
5.791075121024472594e+01
8.742867256334436377e+01
8.725435667198532030e+00
2.149133825495369976e+01
8.263168445788282668e+01
7.826284270230461004e+01
4.233969545642995058e+01
2.737129875353982200e+01
6.307219911636901877e+00
3.463297689791848910e+01
8.997098089349735517e+01
3.759027589454805707e+01
7.629866440905904312e+01
5.045170674464501559e+01
8.522669226890485561e+01
3.977585820972916686e+00
3.285773115574870928e+01
6.894223290451920150e+01
8.533040899498054443e+00
2.611952477382684989e+01
1.012766895452320171e+01
8.064324349922121371e+01
8.933309578666570161e+00
2.545390243132765562e+01
3.858567311761519392e+01
1.988647163512687399e+01
2.574694700938008651e+01
5.176407297825573295e+01
3.554679113829607218e+01
4.329390341569233414e+01
6.387585438987684050e+00
7.279010380108658751e+01
2.194546307736913171e+00
3.885515695673712600e+01
3.636861906624780261e+01
7.654171564203915068e+01
5.199589241052710520e+01
6.283235327599036424e+01
2.611451542952543647e+01
1.346884694576593233e+01
8.294629704994555652e+01
6.329906201531412790e+01
2.170210396984572299e+00
1.817699309143840480e+01
1.979735118835009855e+00
7.261366866705762391e+01
3.385990914816114916e+00
3.530514760509462224e+00
2.655998787269496830e+01
8.728254416945856065e+01
8.610523006934893431e+01
7.412678943452094416e+01
3.134623771707654161e+00
1.387247283751039717e+01
7.851291089510820598e+01
3.305648300334419787e+01
2.598869429329886316e+01
8.893487091021155777e+01
3.245927821884827580e+01
6.859545534142419854e+01
6.040332806864442006e+01
1.239383335942811915e-01
5.171234734054635851e+01
3.102026706059242045e+01
8.980877883945201745e+01
6.871773375689647878e+01
6.838629094006655862e+01
5.973243061244721730e+01
4.413584935364534090e+01
7.043802877211862778e+01
3.345674066425788595e+01
5.689673586743132283e+00
3.024558652260319391e+01
3.395390647688996921e+01
1.371123878410258623e+00
3.713741650745581069e+01
3.273907999115524881e+00
2.779943662756250689e+01
5.534994766880622308e+01
6.030651666934285515e+01
6.151786645751644755e+01
4.723350064836262874e+01
3.500749157833797653e+01
6.778289242927661462e+01
6.680783255070791427e+01
8.204121285153168230e+01
1.456386631039325330e+01
6.593985935010816490e+01
6.368599184930353374e+01
6.219368651434358952e+01
1.665475425378452101e+01
4.998197431505700195e+01
2.710287409113995949e+01
1.888930856230859945e+01
2.278344691723775384e+01
3.463302608202111088e+01
8.238379953909669950e+01
4.191413709701914314e+01
5.453640037412181840e+01
1.266058216499595446e+01
8.911131784979473025e+01
2.589237404829066236e+01
6.270709629156572618e+01
1.617924264799624368e+01
8.243305015020398230e+01
7.631361814444885283e+01
6.472177937693730598e+01
3.836762459078714471e+01
6.400662069282404332e+01
5.259241915329789663e+01
5.047790511476548403e+01
5.961892823902689287e+01
4.120659931113851826e+01
3.636112172691055378e+01
7.861444230387769494e+01
4.817135072570157206e+01
5.098469747618138648e+00
5.051802490753285468e+01
1.580789589148093910e+01
4.911986115072712522e+01
1.172764334061992386e+01
4.262247852460831865e+01
2.850854410149483087e+01
8.576536149589408353e+01
4.320012887487684594e+01
6.087234145042229017e+01
7.116236659863120906e+01
3.644960482949878866e+01
5.640452935700513137e+01
8.466065683146663901e+01
1.393125384878026374e+01
5.328730632874335527e+01
2.545691008122897969e+01
2.711553550493180609e+01
6.656470965129659589e+01
7.151128853611204761e+01
4.987102447543590245e+01
2.815091976284474029e+01
2.098438807734284151e+00
3.165109788901213506e+01
8.911137132538624428e+01
4.006455523314635059e+01
4.981260178709053577e+01
1.294687246957950322e+01
1.218269815049635518e+01
2.808505728796589906e+01
3.205035053108659326e+00
8.644729890164842345e+01
7.454841070223210409e+01
1.892935462315424999e+01
2.684696579013674977e+01
6.893364744188023963e+01
8.512995962228460201e+01
7.257882505556612074e-01
3.380968498450284443e+01
1.104739602869734583e+01
7.508737998691195514e+01
6.819834891377369956e+01
3.761784664514554777e+01
2.509934891117126554e+01
7.451155316887614788e+01
4.178042167973868715e+01
8.889461445599931722e+01
3.716335441958964481e+01
4.813441372589264233e+01
7.234921853665385072e+01
4.360184705709355768e+01
3.954959593674718121e+01
2.231380486971296051e+01
2.986531115130626901e+01
1.924874300031272512e+01
6.258270957286137914e+00
5.692658493658244367e+01
8.457461806905847368e+01
2.434264947735275442e+01
6.692915879103136945e+01
7.300475846026485272e+01
8.745470791105407216e+01
4.058940332288622699e+01
5.352920329826138612e+01
4.111767932983576657e+01
7.802943921907015579e+01
7.716539919539800962e+01
7.707825468093190580e+01
6.318600782924399795e+01
4.070658232527695475e+01
3.703251477682005799e+01
1.767839294066384070e+01
2.913476172490096161e+01
8.924413070928413561e+01
7.388077546635504689e+01
5.788449290936583935e+01
5.796516218502284801e+01
2.502058336325270460e+01
8.928607838294620080e+01
1.060462436055700053e+01
6.488532877727159587e+01
7.902794971948347325e+01
1.883136567740997691e+01
8.182840212289538329e+01
4.324283064749793937e+01
5.402586770258767501e+01
7.984248476891028190e+01
1.054916270886801222e+01
6.011366279235462429e+01
5.324335175460532810e+01
7.672176256390913274e+00
1.956224223249283156e+01
2.344735944848386566e+01
8.278511440780580699e+01
8.806082197409395462e+00
2.522296016888784465e+01
3.748191463637628118e+00
3.599789632395290084e+01
4.011024730485528522e+01
2.473622411985995129e+01
5.324413977260448405e+01
7.719015692892467939e+01
7.951629520480974378e+00
1.898453550284460434e+01
6.326026730901637052e+01
6.840298566979685191e+00
3.888304801712672543e+01
5.636721586020097874e+01
6.366584222423612971e+01
5.271177296908157928e+01
3.281555971003422201e+01
4.479441011574527209e+01
5.052260590646354466e+00
1.555639069724891499e+01
4.820146952800673290e+01
1.281297989671514159e+01
7.440666499772721920e+01
7.521789454582647139e+00
5.668215609287327084e+01
7.884689242766486927e+01
4.039165537078275747e+01
4.607641758541758037e+01
7.761150148566750318e+01
3.222658149279656215e+01
7.964689740446073696e-01
1.367594188948538658e+01
3.553770486094477121e+01
7.513369372380410027e+01
1.369825868232168276e+01
1.543983046045353014e+01
3.667395327632276292e+01
1.827766786431149626e+01
1.580464986221394952e+01
4.017436447686890233e+01
4.486087220168371914e+01
8.975049651745355561e+01
3.037766276977492907e+00
7.272715797616116618e+01
5.987012885541525975e+01
4.497370809415221515e+01
5.999899512076306252e+01
8.134645131469914858e+00
4.085522335136909078e+01
9.315065713566161421e+00
6.875009754513881965e+00
6.792481467772083192e+01
3.419989412088391845e+01
7.021246476418168925e+01
2.465978893826967067e+01
1.633582102041623330e+01
5.496948976807075837e+01
6.702440162962099990e+00
7.049373098100350887e+01
3.824081483460448538e+01
3.580084850783319439e+01
5.649416266683790155e+01
6.293807829050294345e+01
8.371925689790228375e+01
6.552245796444948667e+01
2.823542934068669297e+01
1.151700102332623388e+01
2.513287295851610992e+01
2.781604940444231033e+01
3.357701961079040842e+01
3.137865362133474534e+01
3.119362918646264582e+00
5.752693973927669191e+01
6.960765361556064956e-01
3.545322988019652399e+00
3.938522272373341337e+01
2.887172840090738291e+01
4.123523221361191560e+01
6.506472765146379800e+01
4.099479054217700735e+01
7.225162757627431631e+01
7.685082465978527466e+01
7.467039654488161204e+01
8.691854045482101299e+01
3.779630640841886446e+01
4.623488569821010419e-01
2.466820295798387264e+01
3.261522678030221556e+01
2.627671854298264975e+01
2.199489952312046270e+01
1.656758359603572828e+01
2.285465242877451786e+01
6.563749326944926565e+01
4.001373097323043737e+01
4.030186889569684183e+01
8.578927623784213097e+01
5.971545139387141177e+01
6.419148969196615440e+01
2.789927572643264497e+01
6.881832295611094708e+01
2.176652179411980015e+01
3.947868570023305779e+01
4.133630525459905414e+01
1.225237148678726129e-03
6.175602262268059661e+01
6.652333793099188597e+01
5.746990566733447281e+01
7.956762975148573780e+00
3.922191326617529228e+01
6.512907948426251892e+01
5.105390244311373493e+01
8.940237664864103095e+00
7.179013184782183998e+01
8.331079126768676701e+01
6.099723510094484880e+01
2.942222150067887299e+01
3.426835279685391811e+01
4.676506447517581222e+01
1.730492561591775669e+01
8.162082297890616012e-02
8.189631985368326639e+01
7.376962171679792846e+01
9.716856829680629914e+00
7.288411544106769213e+01
1.104214075250297000e+01
1.320227731671034377e+01
7.211199738927781766e+01
4.285158535103849253e+00
7.353427409606672427e+01
5.881877662456452782e+01
6.790537950551572521e+01
8.124480356978853024e+01
6.900632535037571813e+01
8.168939874172933102e+00
4.700674512138274963e+01
8.603523585164091969e+01
5.035166623447427270e+01
5.577501154517634063e+01
7.959567127530229413e+01
7.228317243293775007e+00
6.862252267489505186e+01
1.207526252544940881e+01
2.022006030235169405e+01
8.664618090933431915e+01
6.607776237433154165e+01
1.115373377326737092e+01
2.746526098957392392e+01
5.739450554646058578e+01
2.252679251996793042e+01
4.882805672491220328e+00
8.102223207693231188e+01
4.095717292225238992e+01
5.405989911212643761e+01
1.193710773723664609e+01
4.067067859847482225e+01
1.000782154716557670e+01
3.400536897353663335e+01
2.347853962557816487e+01
7.197898451823875554e+00
2.939835441864384080e+01
1.912752627456131549e+01
8.540637558323011547e+01
8.371328930766021870e+01
8.808565489054056741e+01
9.672949517369104910e+00
8.082557066545102487e+01
6.077272412439414495e+01
2.986584616197436759e+01
5.669699280995396151e+01
6.070149672102624550e+01
7.713994746042277306e+00
7.265322388632719708e+01
2.747827004511848514e+01
1.712068193846271669e+01
3.708293845141822231e+01
1.517888862300774200e+01
5.235967366237785114e+01
5.375757934455383236e+01
6.068695257401669352e+01
5.484821128068703189e+01
8.021425555039715505e+01
7.937804303261080996e+00
1.522917341609249320e+01
4.475368993827089525e+01
8.161911770479902373e+01
7.756460457235070294e+01
4.733581114389026823e+01
4.830378370637269825e+00
5.497922254910913864e+01
3.005184936470127965e+01
1.976210487214609657e+01
5.025991336900917617e+01
1.848204069298760643e+01
1.259532164278087762e+01
4.971147552444780615e+01
7.677397205647869782e+01
6.677770069071678449e+01
4.830552523034175749e+01
8.039927821611189529e+01
3.742491094145795216e+01
3.225724294491907074e+01
1.263477695199513562e+01
9.196748918774268589e+00
8.706001618546419252e+01
6.285023768582087911e+01
8.102945096428840088e+01
4.490401577329721050e+01
5.071404548630307829e+01
6.676382080820306442e+01
4.783231739863127530e+01
7.088073848807187005e+01
2.198344884325151583e+01
9.841411338634117101e+00
7.849171484147687750e+01
1.476015025469167163e+01
2.700052512182140063e+01
5.830202049135881026e+01
7.635839279199413454e+01
2.340224967443237247e+01
3.803544198113993957e+01
1.732430514225699625e+01
4.717066660437670578e+01
8.552552200835428220e-01
3.598527078702880289e+01
4.492774816884691802e+01
1.422292576991087687e+00
5.583158954903141336e+01
1.802781578693272024e+01
6.837034469996123676e+01
1.388510264162455599e+01
3.028770547029442639e+01
2.881423852744364567e+01
5.572769982532416400e+00
8.350428543759629463e+01
3.154609475295893972e+01
6.876334294872124531e+01
5.943168075677253626e+01
7.695464410780333608e+00
8.963042824306288026e+01
5.229435718928009891e+01
5.775709169271922860e+01
6.989545759063388175e+01
8.592677294659313247e+01
1.547759962077788387e+01
1.993930058521477733e+01
6.564554296616748275e+01
3.648053888682708390e+01
6.469866242049309335e+01
4.188213464786723961e+01
6.115383182008146434e+01
6.336863129905304959e+01
4.443314412515823264e+00
6.170633520242380143e+01
6.570735832982322222e+01
8.343048298452646350e+01
8.151478797243271401e+01
4.567520440651846769e+01
6.014297270160314923e+01
7.373303307301020482e+01
2.819984528369780108e+01
5.422042220614302011e+01
1.497381997686592570e+01
3.167899497189198144e+01
7.195055772199573596e+01
3.063360882622479764e+01
6.311926462446237451e+00
8.375453031165633888e+01
3.663912106334765895e+01
5.416412375002968815e+01
6.935105035032322007e+01
2.708167902687515394e+01
1.838622215653210645e+01
2.362481870279877327e+01
2.128739453823229155e+01
7.204937290112029302e+01
8.287745744553620852e+01
7.266792406384091407e+01
6.143672469523068713e+01
7.515059043658295934e+01
5.414024909594560597e+01
1.941610839306711256e+01
4.479016413694739462e+00
3.640200276579916761e+01
1.658849265610926604e+00
8.928770266997837268e+01
7.265351846197727070e+01
5.103859581820130664e+00
2.182332640910221855e+01
5.945981027225193394e+00
5.891054250298811468e+01
5.697593020131874653e+01
8.911328108957192740e+01
6.282639505303328065e+01
7.363876875274451095e+01
7.167541670858351210e+01
7.259931418566306149e+01
1.231678037738925813e+00
7.461620667644387694e+00
3.285717872177200682e+00
4.287918180436115279e+01
2.431892333138468842e+01
1.926254011912491393e+01
4.799929626846856223e+01
3.871607218033314979e+01
2.642914522904966645e+00
7.932092172465866042e+01
6.063888636354779038e+01
5.261099245604850694e+01
5.631233464131859279e+01
7.928919958012208724e+01
4.645100847178076720e+01
1.866887350507301946e+01
5.769941225235003657e+01
8.056333065337170751e+01
4.933974530141426840e+00
5.743011659243185818e+01
2.643538238522027584e+01
4.228749697189395818e+01
6.305935693695537481e+01
8.334243039257019348e+01
5.198404026767679653e+01
4.776933858039311698e-01
5.933396715024491641e+01
8.540371511998725396e+01
7.111986120662224664e+01
6.074022587286394881e+00
6.812744649549929932e+01
5.782589533101129575e+01
4.768953054395871760e+01
5.208933203759114061e-01
7.429751119335503518e+01
1.470446045635032384e+01
2.749521844275613347e+01
8.378997496406947221e+01
7.185570871060230047e+01
6.257171597738128810e+01
9.917044409736728738e+00
7.371553499030100909e+01
4.653929424358662637e+00
2.464502346498204233e+01
6.541464381967546160e+01
3.300368626860304033e+01
3.779359546556621297e+01
7.630881960249614337e+01
3.529545504272972778e+01
8.716244424191259554e+01
5.042340117499776397e+01
2.551225599850147674e+01
6.929305777188385207e+01
1.059133748068183944e+00
4.807858191551838445e+01
6.502235577187032334e+01
2.485267115575617325e+01
8.534402610014730328e+01
4.368832655062527692e+01
3.978001739358320066e+01
5.193290869006120403e+01
1.149155673415987344e+01
2.765008930151299893e+01
8.606469234797278034e+01
1.746001630977092844e+01
5.281126251261188997e+01
7.516884126029954416e+01
8.927036449978535515e+00
4.192170360077273727e+01
1.560814292179088447e+01
1.465150858792942934e+00
5.930946567296154548e+00
8.530828038946776815e+01
8.966978834927438413e+01
3.270659339194661452e+00
2.917282103283294603e+01
8.613949387315183515e+01
6.944273501065431731e+01
5.986636578977960710e+01
5.635707384879648174e+00
4.500269939121708518e+01
8.843019567929795599e+00
3.668919501953632079e+01
4.567597275340041563e+01
3.498948884350843969e+01
3.557813885762985251e+01
5.418483947092244790e+01
3.750569579499904904e+01
4.376922783759690105e+01
9.441611871529213218e+00
1.284892290760333822e+01
1.792800463556579516e+01
1.694740347606511932e+01
8.342601377878045810e+01
4.029810874285101363e+01
8.717350935783985122e-01
8.812411157663400729e+01
5.901930648243116195e+01
1.662217361839812924e+01
8.085431036784905245e+01
1.565103606454521490e+01
4.933530593743892467e+01
1.552392871833919763e+01
2.984172017487732376e+01
5.088621770451297976e+01
6.730769241477591436e+01
4.601143026323863694e+01
4.506071799614846896e+01
8.518736860989083937e+01
4.334904543247931485e+01
8.816954395051327253e+01
6.425748811444321973e+01
3.846668694387147980e+01
1.275647124368503782e+01
5.090797784952697924e+01
3.098779010860400618e+01
7.159987490304439461e+01
6.296009360302774382e+01
5.127046963956904335e+01
6.915378729658901591e+01
2.338912589384198881e+01
1.064222760509605337e+01
8.751804034728122872e+01
6.626877031595601864e+01
6.881398163259019896e+01
1.796923439800632849e+01
7.636517431000115153e+01
1.919455204762056155e+01
2.851569635814600545e+00
6.596230742867984986e+01
6.297829525599632206e+01
8.605553183473745094e+01
7.705554467204486002e+01
7.736531992362043297e+01
8.168706666287906160e+01
3.839543937175117350e+01
6.780589719527151260e+01
3.420031076231215650e+01
9.469932379592776783e+00
4.001574234234114158e+01
7.810167808427679326e+00
4.617912963176439511e+00
3.096932410957356652e+01
6.476664400196584381e+01
3.152917434342382563e+01
2.145569778792845739e+01
1.345070023940938064e+01
2.733714263951235424e+01
4.554309442548536424e+01
2.733739778975983370e+01
4.678409920631590779e+01
7.173482463724647573e+01
1.624930347280230336e+01
3.569089834266443972e+01
3.294361292764282911e+00
8.049697348414936471e+01
4.282371827809595999e+01
6.701201479487116330e+01
3.576772810673087122e+01
6.446611689106590859e+01
7.864596625881705450e+01
6.642102212641209036e+00
2.729800092095166164e+01
6.102180634015866190e+01
5.018554860684923113e+01
6.769401390504245342e+01
8.339533685006304609e+01
3.860738542634281600e+01
4.734699364586128212e+01
4.093469430371513340e+01
8.827445316710860368e+01
8.287083322254122209e+01
4.068139826167987394e+01
8.906431018860597248e+01
1.161459624834791171e+01
3.982237943410352443e+01
2.936501236350718713e+01
7.854522325737997335e+01
6.025989071841165412e+01
7.388167932136840932e+01
5.125928262007917624e+01
2.844895548389165540e+01
7.324738323741387092e+01
7.367938178686766548e+01
7.950960020236720993e+01
5.215258788064564754e+01
6.733602353373665039e+01
4.083207851202084981e+01
6.010209681793742220e+01
4.342403449683205707e+01
8.355157797759048321e+00
6.033492990823048530e+01
5.087268298713733827e+01
2.573449703834145907e+01
4.246849561242603954e+01
4.662993356601453598e+01
2.658570224531050386e+01
1.221057226568994025e+01
8.217424863703826077e+01
8.129638855561137234e+01
6.328541852479906993e+01
4.393871644407562371e+01
5.550556686575937704e+01
8.596613795509375677e+01
2.741760825692792380e+01
7.292269828690190536e+01
7.468895086049893450e+01
4.945127572925069614e+01
5.110113321952871246e+01
2.295014685668918197e+00
7.984013241370846004e+01
1.927051133106333358e+00
8.820178346484986776e+01
5.741036133501391525e+00
4.384075749355523755e+01
1.846382761027534158e+01
5.891112845621440997e+00
7.950849698169356827e+01
2.387826003650915041e+01
6.415039263565216743e+01
9.823776932745971635e+00
6.390835823264249171e+01
4.697945622977458413e+01
2.830805422241261837e+01
8.011853219610500787e+01
1.522960202515698391e+01
8.024258320115079357e+01
6.652209073700167608e+01
2.636441070539214948e+01
8.855268844354941393e+01
5.033394965934568432e+01
1.393130630597585196e+01
5.717855833519735853e+01
3.009376027989186753e+01
2.385570729265250023e+01
8.106655408756540737e+01
3.741287222689305025e+01
4.994352096506847261e+01
4.470092949015024431e+01
1.647129584769120569e+01
5.027818430143866379e+01
1.411657595504521723e+01
2.693192694985910052e+01
6.127328157643254514e+01
2.550984080415721778e+01
2.006607661769439233e+01
6.589707107827427990e+01
2.920503141038511430e+01
3.405620331855357819e+01
8.472576564774240637e+01
6.713222374839990891e+01
8.775520651735718047e+01
2.118434220192877504e+01
3.276122143454966107e+01
4.978313688673328841e+01
7.070438507705651077e+00
5.425994245593577148e+01
3.404004757002839554e+00
7.789753889843613877e+01
4.501126458114401885e+01
3.883282898292598162e+01
6.921704586739777199e+01
6.351146688885776825e+01
4.273835384754081446e+01
1.465346882474802470e+01
4.448203272313286760e+01
2.542973969351958985e+01
7.874751613857351629e+01
3.831491576977496294e+01
4.317047856063070554e+01
7.164716937903568805e+01
7.965555775437017871e+01
6.410961300779872829e+01
2.733818745079777557e+01
3.354018604152437888e+01
7.854490961957651507e+01
3.615477914293041550e-01
2.385154867632970621e+01
4.168226914397852312e+01
3.539734849105035863e+01
7.522714026166349299e+01
1.207667926437007644e+01
3.397966567995236886e+01
8.204176758127664471e+01
1.650066436565373351e+01
7.545442212192853049e+01
7.564748886491804569e+01
5.953950536404781246e+01
5.854683337918645236e+01
2.471106370834190713e+01
6.645235244226867621e+01
3.960957082248381766e+01
5.527753882653644979e+01
6.819903446972644190e+01
8.964591387943433176e+01
8.008152897938744275e+01
1.185277103477338478e+01
8.462554227487886749e+01
6.380331319492426445e+01
6.768477100235123167e+00
7.429315949936892594e+01
8.514349282776503003e+01
8.743528877036905556e+01
5.115072729753271119e+01
3.597141304503856674e+01
3.514753867421340772e+01
4.794551534634261714e+01
1.686476397973677166e+01
1.563333281016449483e+01
8.672920337578486283e+01
8.078095966820620788e+01
7.948084195568212351e+01
6.203854703938623771e+01
1.331715874864671001e+01
5.935360638592445781e+01
7.372254869123575816e+01
4.139320535446341154e+01
5.101941508729271391e+01
5.389259617259086355e+01
7.507490943251931981e+01
6.501303284254711912e+01
5.860422191470630793e+01
6.906974195433194552e+01
8.236412804695724788e+01
3.669688067675907206e+01
3.628754716378153944e+01
6.686490556356623927e+01
7.861632748289504313e-01
8.473945275190978066e+01
7.419729924418160039e+00
7.535190314620994911e+01
3.157615358962110719e+01
8.753346578288113733e+01
8.980854935555933594e+01
3.818784457560233392e+01
3.799242123991532338e+01
5.297252015296551519e+01
1.048728937955833374e+01
1.324211842447135901e+01
8.234607519832762534e+01
7.482834524069133408e+01
5.450732082207847640e+01
2.916797826657671777e+01
4.129344060528383409e+01
8.649186984682383184e+01
2.894878324789025115e+01
8.770334930338272272e+01
1.598186510835900798e+01
5.593453200948143689e+01
6.267379998455066215e+01
3.854981922980963205e+00
3.307141195078172302e+01
8.177398696019670865e+01
6.013633417579182350e+01
5.711836184257210647e+01
1.324556300484618365e+00
2.275613712450731896e+01
4.995393000995662902e+01
2.890741456303930335e+01
1.854251558727844085e+00
4.359644223512650285e+01
8.217737971201291458e+00
8.223197428048216295e+01
1.834622262377803636e+01
6.549263389450312900e+01
5.073350884502946911e+01
5.314175494612391049e+01
5.660633894549367540e+01
8.184955129699002896e+01
3.304477713953136941e+01
3.224669154965449991e+01
2.299922759634068470e+01
4.646373670918912779e+01
1.535187075429426606e+01
1.944614982940590764e+01
3.301413805586714290e+01
4.187884918548161295e+01
7.248529375998543856e+01
7.364705177495353894e+01
8.275372004196096043e+01
3.317459587233720697e+01
6.093688387847674193e+01
8.806199595763207810e+01
1.609241409843243176e+01
5.112833450440921723e+01
2.882152730494504311e+01
2.675336157416727190e+01
1.630856842612606172e+01
2.988795335208992654e+00
4.212022072317648025e+01
7.191102723748910819e+01
5.526603331150970178e+01
2.492621898705348826e+01
2.638644285689876057e+01
7.850927463118759420e+01
3.424536236008062673e+01
6.218654394275075248e+01
2.710979481345195197e+01
5.881597672343609418e+01
7.723885927542687568e+01
7.191660972800437435e+01
3.282415988948925900e+01
8.289208742773313077e+01
5.881216755542190811e+01
6.172204816090572166e+01
2.919158408354692824e+01
2.219247522183620447e+01
3.352955828386757986e+01
8.919252898053102285e+01
7.491683015392030143e+01
7.569260821361747560e+01
5.459456029791068943e+01
