9.052966062205619835e+00
4.706324503639001477e+01
4.267742861843713342e+01
4.019203697227064254e+01
8.300452918308712924e+01
1.076495805264478989e+01
3.447980866127382171e+01
4.050955985903862633e+00
1.032331020811640698e+01
5.578410224347313573e+01
6.887048416291153785e+01
2.618543264705213502e+01
2.220820101921530920e+01
2.480108148068800311e+00
3.572378014294623227e+01
5.970232987248694201e+01
2.510735004885410504e+01
5.995224300142913165e+01
4.547165064950237223e+01
4.706749233657007636e+01
4.054429089890523841e+01
6.578463609347700469e+00
6.155023756593343620e+01
7.693759648297162812e+01
5.442550059545634866e+01
2.789207609768373786e+01
2.042104368205768949e+01
8.066426289607345268e+01
2.241134151018136222e+01
7.079285576839477301e+01
7.389568588813267525e+01
8.844837703137149276e+01
6.034527995189292682e+01
6.084135659876695712e+01
4.945941890434973232e+01
5.228652951176915309e+01
1.489534437540817891e+01
2.933890915435185676e+01
1.637345399247766053e+01
7.638104207354863284e+00
1.983192161488504013e+01
3.042565919225766891e+01
4.037121474281941680e+00
3.813487613577430579e+01
3.252373081457222526e+01
8.314186714973257608e+01
1.942452515195780194e+01
4.018077198239788572e+01
5.009761206807158374e+01
3.487647806936980288e+01
8.616064105209558477e+01
8.703093416856721376e+01
1.938000861242858264e+01
2.622147887858666238e+01
1.154730437715985403e+01
6.627741022367183632e+01
8.598941719956711438e+01
5.021054688042688241e+01
5.108896148871170340e+01
4.212604535257511174e+01
2.323582521245775467e+01
6.296629152943553720e+01
5.004836114483265419e+01
1.222554143386553349e+01
2.250843386841370020e+01
4.901233735576688844e+01
9.308347987005998192e+00
3.851659339079636624e+01
5.910189531297695709e+01
6.989865713189777807e+01
5.016951541913376644e+01
2.030594606783971656e+01
1.873272033873254827e+01
5.811956544801077484e+01
4.316365470857726905e+01
1.954939523141900537e+01
5.845973653735206454e+01
4.394615442922264137e+00
2.953901726167895703e+01
1.383824930368534467e+01
5.846038277714600895e+01
7.599071276019215304e+01
7.970490395567479069e+00
6.292516264939936121e+01
5.447071731352776425e+01
8.585149850655420778e+01
6.043654325876761391e+01
5.241822981078549759e+01
3.413907262364102912e+00
3.061189042457727183e+01
2.057589146426404625e+01
5.374346173497771773e+00
4.321087110920439045e+01
7.904746620271238555e+01
2.403289839775795045e+01
4.346312948559241818e+01
5.099141644569363052e+01
3.193505454340551353e+01
4.346674324013888935e+01
6.619036065594967155e+00
8.456041293138108017e+01
7.599444075906502860e+01
8.990843022086200165e+01
4.406163601216491976e+00
3.567731434322163864e+01
1.499519473123528002e+01
8.867267954874903069e+01
2.373647881208000854e+00
4.073896239734381197e+00
3.197852014785165409e+01
2.180134256277507276e+01
3.438215984489484178e+00
2.506865803285617034e+01
2.070754284779597754e+01
4.568141300761042345e+01
8.960391165343901676e+00
3.792132677124524776e+01
8.545202637974503546e+01
4.428312255314307500e+00
2.648629846133276189e+01
7.867581424297803494e+01
7.411416794377530870e+00
5.734125936112380373e+01
9.834955186102838809e+00
3.374266098594016938e+01
4.672871396680611866e+01
2.960973445718519059e+01
4.261957659069811655e+01
8.479713678559951973e+01
1.549262903767112398e+01
5.943353806213149682e+01
6.635097906575595061e+01
8.079744154664686562e+01
6.623181118021909697e+01
6.542881556007829147e+01
3.277601820871323124e+00
8.530413299791747761e+01
7.580726712618591989e+01
1.423889633303508440e+01
1.612921195550526576e+01
5.577612193038264365e+01
4.358663169345771138e+01
8.675056111817748672e+01
2.835361808663362027e+01
7.996329810255647885e+01
2.518181230595800457e+01
1.404348969775761624e+01
2.670124852471904831e+01
4.151205952323786619e+01
8.803741679024861355e+01
4.276768439455410942e+01
4.325218513410732157e+00
1.444083228559899368e+01
3.550029524091443989e+01
5.425807555098150914e+01
4.212783246086598155e+01
1.982775036958042492e+01
5.945306768571873235e+00
8.935448151798166805e+01
2.893411804525083753e+01
8.665212411734805187e+01
4.901313103535871107e+01
1.415676851578551343e+01
3.101170629411159751e+01
1.885931757111641360e+01
5.979445099709802491e+01
3.644665302015765462e+01
7.979392907675786262e+01
6.867269879770874752e+01
3.319082573114051371e+01
7.395517433022260434e+01
4.522907206497951194e+01
8.190714422494929536e+00
1.198633360681559878e+01
2.857976792375830755e+01
8.824504215646788907e+01
6.220617380896833737e+01
5.728016417618080425e+01
2.768043249368728453e+01
8.806312614687162466e+01
1.181640541753615281e+01
8.206679095132290769e+00
3.833736986128773339e+01
5.107504910711815427e+01
4.872768143801437191e+01
2.399911720152591244e+01
4.569004384275565656e+01
7.255811917178563419e+01
8.250830517492501315e+01
6.743448447842294513e+01
1.313905356603095598e+00
4.782321036290523608e+01
6.546975278239339957e+01
1.729796618230876604e+00
4.774037424233736715e+01
6.294985496054374607e+01
3.214323830009617211e+01
4.014567039727634068e+01
3.858755887802205464e+00
1.651846351509705357e+01
7.820710279964698941e+01
2.095475664329562093e+01
4.914279004090427350e+01
3.999269183968790742e+01
3.533019394685810255e+01
1.645380519317265922e+01
3.553630773291593936e+00
5.492906718786250053e+01
5.454823129897117440e+01
3.896951779063213195e+01
3.502239995745873102e+01
5.214804421248638988e+01
2.793962908646557963e+01
2.752287381401810862e+01
3.190409658839662654e+01
1.319520644671592535e+01
1.890128633328651375e+01
7.697984168030238550e+01
8.986588126332007676e+01
6.015907565547293245e+01
8.254297302218010657e+01
6.272071140393777000e+01
4.149248068353058727e+01
6.613101218480164967e+00
6.782494563565441581e+01
3.921817226475916129e+01
1.589550487975864534e+01
3.449556592246840125e+01
7.800263120089955748e+01
4.662779558715273254e+01
5.901443462721938715e+01
7.602222054157279274e+01
7.369270153880111707e+01
3.483969936023753178e+01
7.946841481460053558e+01
6.601070675875672578e+01
3.741842664819723296e+01
3.364401683600667070e+01
2.890456439002058531e+01
2.207066496552661405e+01
3.562497666344824410e+01
5.048493400023426148e+01
5.496876175088203809e+01
3.351743858893605932e+01
2.770408054032989398e+01
7.586022207688544938e+01
6.020779151728346079e+01
8.079484333751521774e+01
1.110917515664174715e+01
5.813821214504961432e+01
4.276507374961305175e+01
7.202371343143164495e+01
5.709768172246763029e+00
5.083377087809054728e+01
1.818160108439279199e+01
6.274848836535100105e+01
2.313646861117091902e+01
8.291714299257526477e+01
6.528673708775048112e+01
4.323196300680156412e+01
5.991373802816886496e+01
6.032193111869784730e+01
1.280443417197562050e+00
7.481997603280672138e+01
5.338063625225046138e+01
8.734163615804811798e+01
8.654039169867949965e+01
8.275986758220521722e+01
8.761134414362221179e+00
3.086661602598353582e+01
4.238336707288290484e+01
2.579036382161738317e+01
3.780002707032874554e+01
6.414123479856327492e+01
7.232950704830366284e+00
3.302244113451234853e+01
8.757101243933680834e+00
4.905487960662131286e+01
3.983666301519049568e+01
2.700786128018250309e+01
6.483081497734276333e+00
2.199318235364036411e+01
3.810022529122504409e+01
2.529582896948301141e+01
1.284018671837731418e+01
4.843064131522532989e+01
5.201532645018740908e+01
2.731191649743158933e+01
2.781889423400167516e+01
8.800537464617795536e+01
2.569565696916320974e+01
1.562041853778425171e+01
1.791518875326869420e+01
2.487547564224194474e+01
7.870533759520867534e+01
7.961022096086561817e+01
5.860056178107186931e+00
7.437549229142995877e+00
8.617969526018623583e+01
3.690691943879918568e+01
3.243054691943780199e+01
6.483824380240351104e+01
4.426630856618772647e+00
7.073808503701411610e+01
4.167655048315040034e+01
2.431374340758512886e+01
7.474737829507144227e+01
7.359262752626425375e+00
6.705637005595809796e+01
6.436847196625300249e+00
4.763830834637739997e+01
3.109569755892201925e+01
8.160924026960285005e+01
3.733275366051898914e+01
5.205666927068133987e+01
4.996850243686990467e+01
3.662746522499846691e+01
6.266293571311538102e+01
7.356893040424336050e+01
3.059748147749801817e+01
5.697293322479725219e+01
8.732602887334046216e+01
7.542988695466698346e+01
8.047681661747046178e+01
4.221821244607071577e+01
6.574690538646005677e+01
4.779438885030534578e+01
8.830708540241266746e+01
1.086356589110712711e+01
6.953429411063935106e+01
3.737439820305646698e+00
1.104506994549609189e+01
2.892403722660580812e+01
2.874466165957585773e+01
4.425941329562444793e+01
7.319831432688202710e+01
6.445575091191035000e+00
2.734909808802796150e+01
6.303568235041537804e+01
4.750652294899337136e+01
3.085798717670531133e+01
4.107090756297716183e+01
8.153630229316938482e+00
6.734447254868642041e+00
4.239482831879143987e+01
3.028162744472334467e+01
2.728273814082781357e+01
4.583480479984817002e+00
4.996780340004979593e+01
3.168902916597873087e+01
1.375086042553841992e+01
5.845380105013514083e+01
8.769752772176659050e+01
8.479546802075466871e+01
2.703879407607089291e+01
4.766983869021191822e+01
5.278962648284289116e+01
4.423595985408019260e+01
1.086967936731240769e+01
1.360403763882487027e+01
1.089727529163374520e+01
4.704890854835788616e+01
8.016729362506819712e+01
7.942031138602914098e+01
7.408620423393679744e+01
7.370510045634669893e+01
1.577852755776784832e+01
7.206475931567253213e+01
5.216404693100355416e+01
2.639581195601924790e+01
6.383299839006399168e+01
1.021253185122931129e+01
7.496371065238425047e+01
2.311318890592082553e+01
2.177570963712587826e+01
1.682079025513034409e+01
1.713539648224517009e+01
3.598937860496575780e+01
6.668159393628361897e+01
3.290121000519988570e+01
7.789823261996613724e+01
1.403385838433644750e+01
1.372183543597016353e+01
5.795021226077813026e+01
7.592362626777439516e+01
1.951016991041492332e+01
5.927614692005649744e+01
6.459812562943876912e+01
2.087395847335963062e+00
7.402182080108215700e+01
7.945813090735422080e+00
1.575507670523110448e+01
2.348477845423554555e+01
1.280328965529991692e+01
3.572651359323481302e+01
2.789845847212895436e+01
7.350999368271149592e+01
5.436166581451481505e+01
5.407234334415674937e+01
2.212813364865899146e+01
8.640056500136701345e+01
7.677053031735414379e+01
1.802040882913549247e+00
8.003077088215668766e+01
7.941485136083029772e+01
5.800523794927585897e+01
3.839052585095148462e+00
2.238890783093258463e+01
8.795838534847851164e+00
4.525346838762185797e+01
1.055841065352580799e+01
8.009013835156899574e+01
2.055954969763359585e+01
3.613310952409480592e+01
6.758699933045161856e+01
5.623936223107794774e+01
7.040438970142257347e+01
3.367084652847466231e+01
8.340437693391642426e+01
1.875632781617299116e+01
7.697733408449308001e+01
5.986708485746793684e+01
7.723950461330207418e+01
3.774349357358720880e+01
6.870111611546099084e+01
5.269003684847978519e+01
1.305759458029338838e+01
4.780651030949388769e+01
5.993561637974493550e+01
1.352540553735527284e+00
2.938871142957736993e+01
4.673200083475123279e+01
5.319577403627405943e+01
6.990945063518117308e+01
6.248275129988589072e+01
7.661819846186052985e+01
7.615134097030471594e+01
4.679498142858898291e+01
3.931768831943190179e+01
5.069758870804129458e+01
6.881485943446053000e+01
3.745387554766013949e+01
1.062492661675836914e+01
7.995027297946779754e+01
8.302901367930533638e+01
6.434782274947822955e+00
7.452946972635943723e+01
3.409480602270253513e+01
7.857770536489640278e+01
1.233226540046505892e+00
4.866218616049863499e+01
6.868676369883101529e+01
1.859218122115103355e+01
7.854906397067004775e+01
3.404786381476540669e+01
2.630484514679395858e+01
3.642783172545364323e+01
7.128063610173887810e+01
3.313577748238039078e+01
1.645602593268495184e+01
1.753806211171180962e+01
1.414868551117164763e+01
2.020024083883189903e+01
5.642226461666582793e+01
2.083818389147632999e+01
3.393765518246861745e+01
2.925109260517252352e+01
8.229921103973818219e+01
2.509916101427460333e+01
8.144734731120921367e+01
2.714423822920173279e+01
7.942410639828169394e+01
2.120821397826841448e+01
1.849379910296793383e+01
5.512170561986313544e+01
3.246598696302218201e+01
7.160802490867811798e+01
1.667694435273060805e+01
8.077020401090442192e+01
5.899552788302604966e+01
2.997258510528752851e+01
2.320189738960969805e+01
5.556098957270347682e+01
7.661624255610547607e+01
1.016065348115431277e+01
2.601392802257336001e+01
2.159563819762814063e+01
6.196157372469370017e+01
1.087799693752629615e+01
7.634115593257502042e+01
3.072752308545587141e+01
4.360831576299982260e+01
5.572984766491752140e+01
8.286637985446208177e+01
6.082646862670629417e+01
4.209031292672108293e+01
5.824945037158636296e+01
8.625140181553689445e+01
6.477584076617182518e+01
3.130961135177586030e+01
2.189738861581682272e+01
4.651023925335287856e+01
8.877461326150260845e+01
7.077268575031913755e+00
2.103461034154573284e+01
2.249754199502649143e+01
1.443038695621263123e+01
6.250077001952693934e+01
7.495633403930794714e+01
3.524695810209694713e+01
1.258178504730871694e+01
1.666323726406206873e+01
6.663695805437079400e+01
1.869578223114654847e+01
2.014949604303363628e+01
6.940836288629115813e+01
2.074263572888218121e+01
8.088021248623304871e+01
5.335934043291129569e+01
8.027211627709441188e+01
6.195718201453290419e+01
1.967050393933170938e+01
3.782334507574138627e+01
4.450183508783776176e+01
2.042056225342826892e+01
7.529052756311867256e+01
8.158326325152596326e+01
4.463467014183039083e+01
7.223445994170806728e+01
3.368403113523846315e+01
2.080084125043739363e+01
6.018273617015031718e+00
6.896222851336038673e+01
3.964493203880253702e+01
7.259589602215253024e+01
5.766560039846680752e+01
1.742125789369946531e+01
4.829669804809725520e+01
3.597625367352394932e+01
8.955721984676654301e+01
2.987283022620331963e+01
1.363333299063320148e+01
4.795029191994501616e+01
3.683769900420313803e+01
7.985820434267746748e+01
2.451634120512421333e+01
5.263411799759187915e+01
8.586503139955719632e+01
3.776097002113169765e+01
8.351482429160982690e+01
6.108592165639885962e+01
7.580986670494432644e+01
8.772094400271328141e+01
3.188374792922653000e+01
4.668229911899949514e+01
5.456061976812383918e+00
4.331234297734359018e+01
2.293315153003702633e+01
4.233972439622490036e+00
2.626808879720701384e+01
6.872134315827358364e+01
2.625689432015829539e+01
1.577377201595385969e+01
8.562581443798946168e+01
1.929027303568022944e+01
4.364234738032584460e+01
5.349544892121697615e+01
4.770775322299765975e+01
6.583829130100428983e+01
5.724348179002870296e+01
8.354366176144071687e+01
2.491245038118138133e+00
4.401222604263573146e+01
4.525242031705299439e+01
6.925802690611278933e+01
1.346361072886055332e+01
3.836727272049501636e+01
1.119925791373029833e+00
3.353030302733792922e+01
1.907060198750412638e+01
3.632578448492020584e+01
1.143878812063656447e+01
7.831125483602781401e+01
6.016346644999099880e+01
6.775668489608936795e+01
7.856650167017647846e+01
7.662194880208994618e+01
5.399637649394733074e+01
3.813389139902238156e+01
3.969455140632658185e+01
5.127000791449378880e+01
7.000501307483838787e+01
4.667675269400689331e+01
4.382820589817383450e+01
7.782615411500951375e+00
5.016907073408885509e+01
4.798654454424610094e+01
4.843704499067612090e+01
5.207749689867061704e+01
2.087054603268460262e+00
7.174944595799298952e+01
5.097732139571316168e+01
2.624433510892124133e+01
1.707593536405188317e+01
8.581859143306068916e+00
2.831934163107521130e+01
5.010587056837963615e+01
5.653478295849620849e+01
2.587499405962281784e+01
3.157826631739617440e+01
4.334487120919231984e+01
8.282116381512905434e+01
4.437209195335957901e+01
4.437286497502356042e+01
8.833864335817085589e+01
3.403172476566448523e+01
2.376185051243774637e+01
3.986666886805607390e+01
8.440186120276784720e+01
6.646439726274252280e+01
4.832838509384881576e+01
3.236096853915356775e+01
4.049489725202372625e+01
3.541468973547033983e+01
4.635980175847372209e+01
7.485014140821192541e+01
1.262469236939608441e+00
1.132325979065743482e+01
3.189095349890817488e+01
6.415998074082411051e+01
7.842842907084197179e+01
4.092515459479339768e+01
6.570787072492512948e+01
2.581369140293591613e+01
1.294759347074100653e+01
7.096266569324937734e+01
5.273258027194652442e+01
3.926668253504905692e+01
2.791398865876691460e+01
6.692300868615136267e+01
8.841805676900165167e+01
2.846509267078510419e+01
7.165420274142226731e+01
2.754591212800157507e+01
8.802615266030755947e+01
6.180750698794962972e+01
7.837410355065262024e+01
3.322068111094212384e+01
3.058058225217917681e+01
1.109510075156113729e+01
4.271559461583557038e+01
4.146324779542415939e+01
7.360566113772550523e+01
4.500240086816805274e+01
2.822322474601393338e+01
4.643210954961000425e+01
3.913871759008529239e+01
4.182284327738281604e+01
8.229654902783779846e+01
6.008960180128781303e+01
5.553064733901917016e+00
1.501706499762376090e+01
5.277639092725338799e+01
6.959280374017461668e+01
8.970830390316655212e+01
7.596745575465297406e+01
5.479390840240130700e+01
3.510172434549974696e+01
5.678386575320664775e+01
1.639877281021405508e+01
2.481618999911819401e+01
7.187033212378568514e+00
6.712876904615487916e+00
2.240115972977371683e+01
9.526428215020978030e+00
2.196123512847546522e+01
6.874192216941861489e+01
6.812612279840260499e+01
1.525416047512276307e+01
6.161577959239141933e+01
1.963559844260430731e+00
7.031557063464352098e+01
8.581142854351665505e+01
5.058234958470394105e+01
6.448126210566422856e+01
3.274152834608701568e+01
8.208861853773753126e+01
4.300874342707225395e+01
2.020551968945887111e+01
5.611461203185166369e+01
8.830812147689805158e+01
4.331646467024456371e+01
4.581089692190987250e+01
2.482210391671912220e+01
2.787165054047821044e+01
1.259350644346968551e+01
7.355171271298128488e+01
8.567903221443050654e+01
7.426556494364646710e+01
2.704053519264351735e+01
4.007326461224795189e+00
5.019070329676519293e+01
3.528592569781149990e+01
5.190007207623585828e+01
4.108431975770536582e+01
3.666524608326865575e+01
5.675689893150602927e+01
1.979886694724657659e+01
6.160699501097732789e-01
5.520783493949710241e+00
1.797275908197730754e+00
4.740713903966572218e+01
7.292774001970212794e+01
5.434200974406384432e+01
3.949847960409336878e+01
4.103881182937337257e+01
4.840614483309558125e+01
1.692934823857100213e+01
2.527083210647520417e+01
5.494342292204167677e+01
2.905509057114876015e+01
2.200284644789085320e+01
5.161394872086859209e+01
3.448658732944581118e+01
6.211814012853082545e+01
2.914417738596759477e+01
8.018553643458287183e+01
5.151837696506673581e+01
1.321457403413026555e+01
2.539840039964563800e+01
5.084986102786271545e+01
4.266786570717405169e+01
9.602364384761699512e+00
1.589618371824172094e+01
3.499513698731922773e+01
5.529659275511057359e+01
7.208818090639333320e+01
5.259530535074103064e+00
3.793744655154644363e+01
5.181569637008540496e+01
4.625578950439233239e+01
1.358750393769862264e+01
6.842733920366207201e+01
3.954556219882147872e+01
2.244731519814517640e+01
1.848590507185205922e+01
5.951384515364255634e+01
3.057365169224414103e+01
6.053440112360252101e+01
2.255939729173582720e+01
5.789852803932921432e+01
8.024163573100636881e+01
4.347673113104193021e+01
8.446639782912437511e+01
7.703931121486782274e+01
7.757636042188984504e+01
6.503446319897943795e+01
3.570020021047206882e+01
5.397419198204303825e+01
8.979424074115204490e+00
3.539047690028486670e+01
2.010369287592513032e+01
1.264778941809782076e+01
7.964608566219010299e+01
5.687238620227346075e+01
2.463517835168234082e+00
1.201216883178863526e+01
6.547139923407297601e+01
6.346389469882687706e+01
8.131203129185425382e+01
4.713206670566983547e+01
1.433308104888311796e+01
6.271760160692815589e+01
2.023329653770644665e+00
7.244168240326783348e+01
4.592807986739466486e+01
1.214637133290455928e+01
7.021782207735351733e+01
8.218756128193241750e+01
7.223954416840830106e+01
6.772099334983822416e+01
8.993056255722358117e+01
1.827744776007041239e+01
8.727806709730103307e+01
5.654336140852934278e+01
5.339734242662353125e+01
5.068874785899327406e+01
5.855057488571209490e+01
9.885098655751438201e+00
2.300799026247212709e+01
5.387982533040985800e+01
5.352845066329311408e+01
1.884646868508884054e+01
3.493464773491366770e+01
4.250053650131449956e+01
5.954986007602805387e+01
5.190545014682442826e+01
7.952128855821960940e+01
5.229937374624924473e+01
3.395657029327751530e+01
6.359723713152244784e+01
7.284312508541680131e+01
7.993603975568696285e+01
7.303405042741292164e+01
7.632759702924128931e+01
1.602956729148554160e+01
1.072574603140704852e+01
8.847850132332108331e+01
1.720477212317919058e+00
5.018669451770232826e+01
8.368590101130085657e+01
9.928402036888222426e+00
1.237488368559092144e+01
3.931579561636594633e+01
5.359625833595384137e+01
5.406932090964319571e+01
2.461052034729005911e+01
6.619594405454324715e+01
1.010995476889687339e+01
6.769092904261911769e+01
1.735487032880510538e+00
1.566729793654883096e+01
8.272273229607392864e+01
1.479844071002855266e+01
1.715117679041593490e+01
2.600387350712636803e+01
2.801142643325444226e+01
5.525256083936216100e+01
6.522720989741155506e+01
5.603482103482220111e+01
1.094589363427288120e+01
7.909809059775719575e+00
7.377050739633413912e+01
8.452126064707674402e+01
4.292478869100038708e+01
6.299275521673757083e+01
8.335269138059059912e+01
6.367100892341082385e+01
6.353635364458582302e+01
4.915006609190722742e+01
2.931916733311603096e+01
3.746373636808094432e+01
8.913231421638677432e+01
1.440060808131928027e+01
5.907871626872214676e+01
2.771001844272914383e+01
4.187058283758636179e+01
6.396049051299021926e+01
3.992381991995314650e+01
3.815326258085537603e+01
5.426826029260843143e+01
3.970799179302263582e+01
3.329422809581417653e+01
4.526814008535917111e+01
8.608863484621971907e+01
4.194374859118043020e+01
7.413790083780466489e+01
7.116028316450231728e+01
1.383756113977439739e+01
2.054714162481111472e+01
1.861360519910457612e+01
5.432726245050353953e+01
5.724319966901466472e+01
3.188344477896180962e+01
1.292395168994860555e+01
2.836822242032543073e+01
6.603669599318202188e+01
4.471261908004994723e+01
8.484903483655149614e+01
6.070706147310163914e+01
7.617161589003696065e+01
3.661884195194824088e+01
6.416585838454585655e+01
7.023034596555349651e+01
7.580874201396399314e+01
4.718812288764033980e+01
5.091595078429691767e+01
7.454314786550843053e+01
3.412026051150451167e+01
6.672341547684386853e+01
8.232157567564223655e+01
5.795730329908973744e+00
1.399190352795698367e+01
2.842382914524723603e+01
3.670673355431484985e+00
5.000202830464686343e+01
7.496412381059556651e+01
4.326158665083212895e+01
3.895686627316527506e+01
2.689944061524035313e+00
2.430371717420975131e+01
8.079804698846146493e+00
1.426636872536204770e+01
1.091898776089488088e+01
3.908138941930889843e+01
8.982627284442096993e+01
2.330123367144991064e+01
8.337848842057534071e+00
7.913530317111087697e+01
8.076067115846716149e+01
7.511459396275245126e+01
1.421453752282080707e+01
7.410644434538799885e+01
7.178794339874166042e+01
5.303172518873270036e+01
7.077445941579547650e+01
2.536360292554032370e+01
8.902574315848585229e+01
7.522438820341098165e+01
6.724143798738589339e+01
4.948799462830752560e+01
2.404832546173230412e+01
8.901258029404135641e+01
6.952670221917108506e+01
6.846060072331640356e+01
6.441671387237961710e+01
4.198959901083796353e+01
5.261389844115099379e+01
2.720840207653114717e+01
3.914850253864577212e+01
3.444255552213373051e+01
7.873247673156285487e+01
5.922120021213466856e+01
5.258431187635515869e+01
3.162767796899830230e+00
6.026586551129587832e+01
3.324456894215287406e+01
7.156735870996737958e+01
2.296668639558492586e+01
2.220798055658113057e+00
4.902310068294210765e+01
3.905440961945915745e+01
8.764307775188744642e+01
4.799148313478674055e+01
4.550157922537447064e+01
6.180207209961595538e+01
4.953741790529675626e+01
8.005419708975992421e+01
2.824967587048469042e+01
5.113452988162084978e+01
3.886306256671268500e+01
3.531754140487019100e+01
6.697908064830306785e+01
8.804321508660129325e+01
8.293995090118642111e+01
3.376093333013788111e+01
5.022547244466262839e+01
8.059565409037877259e+01
3.052021681979583079e+01
2.341547240527017237e+01
5.187216311680024461e+01
5.934605705891708283e+01
8.688686007012242385e+01
7.811071819026773255e+01
8.618242281298489615e+01
5.104769013783275966e+01
4.100106422176730803e+01
7.831138692759776632e+01
1.210253475015029601e+01
6.075909875628691026e+01
5.532144213513061715e+01
6.666853750591467076e+01
1.263666961785468246e+01
6.561485922432400741e+01
6.073766141283244480e+01
8.675394051912297400e+00
6.997771886632985883e+00
2.578795695226462215e+01
7.314651572148990510e+01
1.807430740578595874e+01
3.349012748838476483e+01
5.531584678536550825e+01
1.290003330294104344e+01
2.095715366646321698e+01
4.437639145651081662e+01
1.027521724564303263e+01
8.115519196986019423e+00
6.069930011307326367e+01
3.902460155476615711e+01
5.563912750094017667e+01
1.025552444151165332e+01
2.725869006371821257e+01
1.458143004515738417e+00
3.866721241888642879e+01
7.705920689506207566e+01
3.481182359284705541e+01
2.913887680785206413e+01
3.979138350640213417e+01
6.227047736590110105e+01
4.716133176462511756e+01
3.154454312142008376e+01
4.571727206376657904e+01
5.318436690424650948e+01
7.438149846604375171e+01
3.360412606560896620e+01
7.498459095149364373e+01
6.673812284707717879e+01
6.303910593661411355e+01
5.700879463659287438e+01
6.110038300245695098e+01
4.516555777672298433e+01
7.702165434453269199e+01
2.112469284396089009e+01
1.586372142034550592e+01
5.552986766204662672e+01
6.223765419821220490e+01
1.382399634689676660e+01
6.603176963526009047e+01
1.114827858981536757e+01
1.580488750334046699e+01
1.144017267858328779e+01
3.018393745866474021e+01
3.603954801124410068e+01
5.696595745088243490e+01
1.561167387131144402e+01
2.155830432023725152e+00
3.936765059777705744e+00
2.617075243670400653e+01
7.921551602011348336e+01
3.270561291416960614e+01
4.479540422511097120e+01
4.213558492546999901e+01
7.294150647420904932e+01
6.894374283453798569e+01
