8.128764467922852077e+01
4.635017203677914210e+01
5.330316125357904866e+01
3.460014667376847086e+01
6.213226836271670095e+01
5.995675443266512872e+01
8.621853430894237391e+00
4.374057623332105749e+01
1.129665633175232742e+01
5.698811070999141037e+01
3.632519313686884743e+01
1.902377729321670330e+01
7.007746723924739740e+01
2.011590436625320777e+01
4.469791059965455560e+01
5.712103386952542650e+01
1.353467196319480159e+01
4.345499728851255838e+01
1.898587335768338846e+01
1.664099981775266812e+01
6.043458033437546817e+01
8.563389502739487114e+01
1.172797246496390322e+01
6.591180489278424659e+01
8.615494767518087826e+01
5.192113744951648613e+01
8.600366885121665916e+01
3.771253483139956586e+01
7.089839860348362777e+01
1.195912805344719487e+01
1.090068479901673726e+01
9.394041358243121476e-01
7.390540470210558155e+00
3.130532225706563310e+01
6.660617649838019361e+01
6.910079227976299876e+01
2.972238698020964520e+00
4.342691229235411754e+01
3.914014302872752182e+01
7.703236820715353872e+01
6.638555484170157683e+01
2.466279971001088711e+01
1.339622174141339173e+01
3.224943269806266954e+01
3.987340911049474812e+01
8.825713608356697648e+01
2.276764091435256887e+01
2.186094251550574441e+01
2.811646378778378974e+01
3.169373128334540368e+01
1.687515178509283453e+00
4.055000783042286372e+01
3.951389623631598624e+01
1.071036065796592140e+01
4.065950239105924879e+01
2.221830736093840031e+01
7.229269031726528283e+01
5.172682067909305204e+01
1.438005644647573433e+01
5.853334593436921551e+01
5.280573829721832624e+01
3.284575712801552072e+01
8.466715019395918773e+01
3.377660434349979646e+00
2.994923269001134969e+01
6.654844256958590165e+01
8.283521704751370862e+01
5.672022437700243813e+01
4.261196195069689452e+01
5.353403394996393416e+01
8.355770493160264323e+01
2.457107206718461612e+00
8.259931691195409087e+01
4.460297144914922285e+01
6.524957480101585361e+01
1.484131977915928680e+01
7.470348718380650155e+01
3.232877737826602527e+01
1.667948115762412797e+01
8.775175492684715550e+01
1.668855510434645240e+01
8.734924777448294719e+01
4.018004616448700972e+01
3.208861037589147003e+01
4.725413784808429796e+01
2.604241761582367687e+01
7.506940016242153035e+01
8.941357024047022151e+01
7.771014710430929995e+01
8.280389385283288561e+01
4.605152117313508597e+01
7.929978157974643693e+01
1.200549214762905992e+00
6.444834131263120014e+01
9.781621092199769052e+00
5.662062378978432520e+01
7.373952718076598956e+01
8.431873596604719978e+01
2.493951080723133273e+01
2.758201046645095644e+01
1.214239346021497745e+01
4.192170190387325590e+01
3.114342352211295761e+01
8.148697330434869457e+01
5.021815536762851195e+01
2.459823474356505102e+01
5.203932789018349325e+00
2.339684041126077751e+00
6.940057331643724581e+01
6.247858361175617858e+01
4.790230693802585904e+01
2.616044466034529137e+01
6.480939509758884753e+01
2.536223792675787791e+00
4.306302624783457844e+01
8.840158090127413004e+01
3.242768761374124153e+01
4.948560203459264528e+01
1.299624187838224110e+01
1.705875848982902454e+01
2.249472249688198389e+01
5.142498142540895856e+01
4.029963311577797924e+01
6.834924339730153520e+01
8.349080978819600318e+01
5.538558868343221775e+01
3.509785496606567534e+01
7.946434875482002269e+01
3.262026624836850175e+01
1.815529785340139668e+01
3.928673392441706369e+01
8.691332091493167411e+01
3.398203895700970634e+01
3.213269419144929806e+00
8.861073625260345921e+01
5.463310499673518450e+01
7.348223687772321000e+01
1.422558802028821745e+01
3.783101397042508296e+01
4.739338224616238904e+01
4.104735537781594701e+01
7.213294713828646820e+01
5.180136532601805044e+01
1.578922518744880765e+00
1.514567703129186604e+01
7.302698028166446420e+01
8.234897466293247703e+01
2.353775108027529228e+01
3.436669970494478576e+01
1.259970317357577230e+01
5.793798419405045053e+01
5.866896076898362367e+01
5.893918377216260041e+01
3.548488506412341792e+01
6.452036529694849776e+01
3.452269394049729812e+01
4.526207987858916226e+01
8.480795470438515338e+01
7.554733105266247151e+01
4.296564752757454642e+01
7.024132596476968615e+01
8.518207205873471821e+01
9.830781185342022610e+00
7.274218776727749969e+01
7.349561069061971352e+01
8.245738375920532803e+01
7.475211928775469516e+01
4.467621651944406125e+01
8.168733686423490781e+01
6.287281444227037497e+01
2.051096291130682303e+01
6.803705544436863306e+01
2.337278864844701332e+01
7.915695385533635431e+01
3.672790062945446010e+01
3.196268896469707954e+01
1.370270277779445500e+01
6.150012887202084499e+01
4.641971074703978672e+01
7.150321989572653081e+01
4.928332514425458299e+01
8.939926095635455283e+01
2.019444828259347702e+01
4.262935388082928512e+01
4.342817919980215891e+01
5.978056805060083434e+01
6.693412150573067265e+01
4.736814744602760641e+01
1.641426398124867791e+00
7.165177217817958422e+01
1.170827422718609157e+01
7.233801887318311685e+01
3.567162879418018662e+01
7.319432906751595169e+01
2.209532136224010301e+01
3.230720953197462819e+01
6.922735994052838748e+01
1.821626466570132763e+01
9.031744920419420453e+00
3.200921521379758872e+01
5.032329741111296073e+01
1.539318730182847972e+01
5.807078607516628210e+01
8.536172926851523357e+01
8.443180583964192465e+01
4.362647366028302720e+00
3.210394243853047413e+01
8.530243655929723445e+01
3.647794297682157350e+01
8.577745370469166630e+01
3.633392984394347991e+01
6.956383711297551997e+01
3.226792641462127165e+01
2.837404115655908399e+01
2.598826837499832365e+01
6.953397393013264605e+01
4.467269081839753397e+01
4.291496067557922345e+01
5.729183235942481023e-01
6.077170395793915958e+01
3.400228549265712985e+01
8.279192773341647182e+01
3.528027897577565852e+01
3.544481554591846617e+01
8.000656983605108508e+01
3.597023650715161835e+01
3.350600226746973220e+01
1.077135936101764280e+01
7.612071005757313458e+01
5.941155997555733137e+01
6.759219948603805506e+01
3.590099281289034394e+01
8.809916073235937972e+01
3.107966113671965758e+01
8.959140266587696999e+01
7.735228762996121077e+01
8.132904143017181298e+01
3.998492382550854529e+01
7.581331489598055384e+01
2.497013456187355729e+01
4.762981795998457102e+01
8.765273501399664724e+01
2.304107326274099066e+01
4.393654122030570619e+01
8.060450455221622690e+01
2.513124458415438056e+01
1.129490958257677669e+01
2.609638130242445087e+01
3.732344544182343071e+00
7.248640323744371017e+01
6.754506478317557594e+01
4.146734254814282927e+00
1.244001440166447381e+01
6.225187014724976109e+01
7.917782183237208926e+01
3.785126476032605325e+01
8.812842579127911335e+01
8.851722617133258098e+01
6.650310049984676652e+01
2.829852940689156782e+01
5.106652088132569389e+01
2.140621653626936194e+01
2.027505507590208111e+01
5.301690758742108045e+01
5.697610872368478852e+01
7.149734532369936346e+01
2.655331899806894214e+01
5.907414724750148594e+01
6.389797541681322457e+01
4.981106519983274694e+01
1.849153837035627035e+01
5.924916151653906837e+01
5.271401177872450994e+00
7.958435076221995530e+00
4.679123558731298260e+01
6.780756265651694648e+00
3.075265588238157122e+01
5.321783576758079448e+01
5.135475398371637823e+01
7.338310394787454527e+01
2.207777878310838915e+01
2.349009944050478182e+01
3.955015864751703081e+00
5.485890352312299001e+01
1.464309897914044001e+01
3.271548800926974110e+01
6.650398056916037604e+01
2.172188615579731419e+01
1.563662563862225596e+01
1.196497127268069427e+01
7.796362315151834643e+00
5.109980577965296789e+01
5.997587483588807800e+01
4.200258027087214430e+01
3.790059016356711652e+01
9.118545589000359719e-01
6.361913188635275418e+01
7.586459273851410501e+01
2.432606113499762657e+01
8.675935340263383466e+01
4.029718918874487343e+01
3.810969519782962323e+01
1.999796316894105175e+01
8.070518961464206598e+01
2.279056688129274733e+01
6.367606689895266570e+00
7.042238548148360167e+01
1.990822758201088050e+01
4.979308538499933690e+01
7.795882646115946102e+01
5.321768530410574982e+01
1.930486320745065498e+01
2.652065386721363893e+01
8.117738987976329668e+01
7.962311309692257311e+00
4.701399385707335910e+01
3.839503017618761049e+01
7.730689195812939829e+01
6.212086424588120792e+01
3.444074123427514422e+01
2.735640639941824759e+01
6.011382128287733195e+01
7.549593392467082253e+01
4.465103062903642694e+01
8.630431007988140379e+01
9.113057867714349669e+00
7.253768060124123451e+01
7.230078449847291644e+00
4.458111534684725541e+01
6.143622666480052885e+01
6.660428508247342450e+01
8.776161218220812543e+01
8.849676729478939308e+01
8.630600560147553324e+01
4.628561065237511229e+01
3.803021966811995469e+01
7.184321447921537640e+01
5.989286485916704095e+01
2.506094315260216376e+01
5.838428302173753970e+00
8.296366357326081697e+01
6.822756746101177328e+01
6.235097808126015906e+01
5.926693514573042165e+00
3.074993292815875989e+01
4.801361087330234056e+01
8.704073234131871573e+01
6.756094476344462407e+01
7.436281926220607374e+01
2.793770204827931991e+01
5.168685275175188565e+01
3.690338168509489236e+01
6.587290885403929508e+01
4.196870709003309940e+01
5.727372800250986273e+01
1.075558624439257471e+01
7.535291656061804844e+00
5.745849864864047163e+01
4.238790975260895877e+00
5.550436819572722058e+00
3.981228274596418970e+01
8.084357953901640315e+01
7.802757621303021551e+01
1.814666237623978162e+01
5.286242055901076498e+01
2.348919415501408992e+01
7.174037673948238591e+01
6.650266333614801795e+01
4.087225754717925597e+00
8.577466767764454048e+00
2.759067135420273331e+01
8.426787036039947054e+01
1.163480571086436477e+01
2.403309093941043173e+01
6.442457514044093614e+01
2.607809908864032167e+01
8.418478571678760147e+01
1.048456284602785260e+01
1.724997973598619083e+01
7.688347566443701986e+00
2.018372472822535002e+01
2.413259319407113423e+01
4.282538069081517307e+01
6.725985208964141293e+01
6.473926698715028749e+01
3.922498871719264457e+01
5.849409395779446896e+01
3.909301406718901717e+01
4.991612383843527567e+00
8.053861318130772418e+01
4.274781840240072484e+01
7.891857104804665823e+01
3.497475019086550674e+01
3.474239614578731050e+01
4.310518362975788165e+01
1.855213216386461639e+01
5.679247461066707103e+01
7.351226171463376602e+01
1.227320816979134221e+01
6.102042647385320429e+00
5.238721446510145263e+00
4.035796116300021197e+01
3.140632437690671708e+01
2.869544901187470742e+01
1.271095690201895501e+00
5.423051055518386931e+01
3.465333625333973089e+01
2.688860029024174381e+01
7.523347101880564480e+01
1.312370879962170633e+01
5.097576890715103559e+01
2.188701058415382406e+01
5.194828550683145352e+01
3.233659896295205272e+01
1.195811749996664908e+01
5.121122112749011279e+01
4.198776709325548495e+01
2.703708044090060714e+00
6.395323959080711518e+01
8.816416376364887242e+01
1.254732642578635549e+01
2.766151992833436424e+01
4.777284425263347600e+01
8.560152731557390382e+01
9.678229824464043674e+00
5.516834235830232558e+01
3.053545364225671932e+01
1.496936762524568820e+01
2.348330842461273349e+01
5.830402685356293802e+00
2.394825031474145050e+00
8.437691724705084084e+01
7.727452784711273637e+01
1.718039377167451676e+01
8.839714127161357737e+01
4.664531478049518398e+01
1.661835858898768947e+01
1.837754653936165550e+00
5.448090985367500849e+01
4.032763786068429113e+01
3.060017994175083800e+01
3.826605106744523965e+01
8.420544909558557833e+01
7.158723757328630199e+01
1.477671140907454728e+01
6.341069226802061110e+01
5.394692836228175992e+01
3.015916176724851283e+01
4.134687656645624543e+01
5.537437169773794743e+00
8.643952682691708844e+01
5.251385948622080946e+01
4.040462284829704487e+00
1.964471311854671853e+01
1.574992829444527054e+01
3.829397611354524145e+01
2.442574813337458295e+01
8.080144497143264459e+01
8.788431140478313353e+01
5.814832536397667440e+01
1.991029673368519326e+01
3.271654156338276920e+01
5.931318493068535957e+01
8.726899873331998947e+01
5.702836197013049002e+01
6.751699617316219815e+01
3.340709385514617935e+01
1.639622106061155549e+01
1.831840389543066294e+01
8.998622372089590371e+00
3.823936820752710020e+01
5.093247501287468992e+01
7.205722789897015446e+01
6.279633744251701444e+01
3.467050953046123851e+01
4.714603324624828673e+01
6.338577997519220020e+01
7.760117508602790792e+01
5.234095981728466285e+01
5.307598158639143548e+01
6.682718071594457854e+01
7.450084468132985194e+01
6.688766293629066695e+01
8.300355723031309196e+00
1.161709686065847968e+01
1.643278537279020668e+01
7.496830342731014696e+01
8.436339542409898584e+00
1.523935151184875281e+01
3.308699497784803611e+01
1.717430193133703265e+00
4.966763708184390680e+01
5.497499653290766020e+01
8.331858077424605824e+01
2.001357270052259096e+01
4.186667466490063561e+01
6.994057374935879068e+01
5.417263935606480629e+01
6.215032364191163339e+01
1.191361031536296444e+01
2.345869690085042869e+00
8.151732600286258901e+01
1.998595017535253859e+01
8.114090155337785859e+01
8.574168865674867845e+01
2.300748918143462518e+01
5.565843723415873967e+01
8.588836221953440031e+01
6.926259711915852790e+01
3.210493044138033270e+00
5.263718044319075773e+01
1.005905370906575591e+01
6.089709922293870648e+01
3.226290451075377774e+01
6.715652919102724638e+01
4.043250124427532910e+01
8.384478965319172517e+01
7.228647099694806855e+01
3.681159322515473775e+01
6.195853457768045303e+01
4.768669639104017222e+01
1.274569738488018622e+01
9.196245412182069146e-01
1.940820423333790856e+01
8.774548620479689021e+01
4.053238651427064809e+01
7.754357409046916416e+01
7.723427969322405318e+01
2.745214759534592375e+01
7.615355779573306449e+01
6.254926813284173903e+01
8.582643106705282321e+01
1.977646131078966718e+01
1.630368654656989591e+01
4.931799162454092311e+01
4.798083118721270779e+01
3.128464161833137691e+00
4.759731430361739513e+00
6.417447884125168400e+01
8.672036834356876511e+01
3.126395820087363120e+01
4.894208806479573326e+01
8.941678447911482408e+01
5.875247789357801231e+00
5.633840185860065475e+01
3.291381401251643268e+01
7.407458981257677522e+01
1.518071063774112872e+01
3.370734197273233690e+01
5.223083263537839827e+01
3.876235352579877613e+00
2.907327326108136845e+01
5.733758934839289623e+01
6.249858706833625632e+01
8.814497886178877195e+01
5.135598352768865738e+01
4.570534607739240585e+01
5.498875830278822008e+01
4.979992378344689996e+01
4.167984635334487820e+00
9.460722136062431176e+00
7.011403288376281751e+01
2.292474971000114081e+01
6.040375836938415688e+01
3.989561669950885658e+01
2.004376896726797419e+00
8.505750926996208250e+01
2.206144888563547468e+01
5.782005377443296368e+01
7.388018688581854576e+01
3.163798255379284541e+01
8.514732479727408077e+01
1.519833418081425513e+01
4.341581057630080664e+01
4.786331928449658335e+01
8.446160408521974716e+01
4.833451927325015873e+01
1.762289975460930691e+01
5.742842274747841458e+01
6.927865950542071971e+01
2.583868313818304685e+01
4.062690501717150937e+01
7.095940113610410549e+01
4.028989345141369682e+01
1.045003292351917601e+01
7.154206042425380474e+01
7.995123275650932726e+01
8.942019872752123888e+01
1.535205840039656344e+01
5.603288119882008544e+01
3.581033422605300132e+01
5.253204296388796735e+01
3.161709806642755183e+01
6.998949283902949503e+01
7.901675931455116597e+01
5.056195793948885608e+01
7.334554830879430654e+01
4.775177327545132755e+01
5.843644841228299924e+01
3.335963534510958084e+01
8.558301709785652633e+01
7.251369056805454250e+01
7.600461889722510023e+01
7.166555515271612364e+01
6.268987607135885298e+01
8.238559079033413468e+01
8.522659995615623529e+01
6.082520698735215170e+00
6.782784759749469572e+01
4.929507614005982674e+01
3.205897672273513876e+01
3.601487741904754181e+00
7.826331227435986193e+01
8.223223156180745264e+01
1.170981560479130401e+01
1.715605193177689003e+01
7.353181705070490182e+01
7.547286057368233969e+01
2.939660394480570815e+01
2.608471756784765816e+01
4.603069018987454797e+00
2.292798334277645722e+01
6.402666602267808571e+01
3.124730105647851630e+01
1.351436009900667656e+01
3.468769741817397545e+01
5.673644294592281767e+01
2.989711886340987235e+01
7.265361069068308097e+01
2.675101592901635783e+01
1.262295093704675253e+01
8.431879239989025621e+01
3.565923200794232173e+01
5.425654299223287325e+01
3.372187833571155124e+01
5.739028906645304851e+00
3.131427971948706102e+01
1.607407976674378958e+01
3.956749059002601143e+01
3.226960192618967938e+01
2.508105733586612729e+01
2.665497269301338790e+00
1.923825652670614161e+01
1.935807487992590836e+01
6.922703982486132190e+01
3.315392146857547573e+01
2.865732223447079363e+01
5.934920240456581553e+01
7.687134645997993232e+01
8.311381569118425716e+01
4.188787556337855733e+01
6.514646441102114238e+01
8.688450084407047314e+01
6.179053940524201494e+01
1.744881760326593678e+01
6.023885165289971155e+01
1.198941124451608609e+01
4.591170679177372449e+01
8.845207004493006764e+01
2.022957409184693134e+01
2.922675406907801943e+01
7.565857859110610661e+01
5.381590899417766138e+01
5.095446672874491156e+01
8.218826577355629581e+01
4.996713155443550392e+01
5.746063632334440285e+01
6.405957269962406997e+01
4.259056698151881193e+01
2.872937468571498343e+01
8.153955216126448136e+01
4.767735290593512332e+01
2.355204308762787235e+01
1.371745035065224450e+01
5.917668241904815218e+00
8.822517090451026434e+01
8.904769324466423086e+01
1.358183187161895233e+01
4.596971195860817971e+01
7.875917619046539642e+00
8.059666472280915173e+01
2.539854192222890106e+01
8.472896742203147369e+01
2.446129314593034820e+01
1.823318638258931657e+01
1.996576931107695074e+01
2.299984716931169348e+00
1.352439986039386532e+01
2.164611325791172902e+01
5.622691100445700130e+01
8.934739615642021704e+01
3.006645106346091012e+01
6.551523122615309092e+01
4.685030293592471651e+01
4.905081027064529309e+01
8.827309213229230522e+01
2.388975983326044883e+01
6.216992666468518891e+00
3.264799663009132047e+01
4.394284142489835787e+00
5.681024709736211520e+01
1.376299982874480676e+01
3.452685947267769784e+00
4.984878796556411373e+01
6.897497311745949844e+01
5.345440843584642465e+01
1.450639552427972667e+01
7.440675302115039358e+01
7.232395870286312345e+01
9.777614098731488568e+00
1.911862736660985007e+01
7.747092123295870181e+01
8.385444798132343180e+01
1.517797491902398832e+01
4.854796262685345454e+01
3.117977768460685439e+01
8.550722368037935439e+01
6.798650797502614296e+01
2.457232881305936445e+01
5.626559581909032204e+01
2.702821878419356949e+01
6.894814946314041570e+00
4.952937465580510690e+01
8.728156496919277529e+00
3.418800633833215130e+01
6.301870835177621188e+01
8.434347179204200984e+01
3.394756258127289072e+01
7.616572552331869872e+01
5.044166135352064373e+01
7.227001520253821809e+01
2.474659801423414862e+01
7.145165796247634660e+01
2.260314056645171377e+01
2.025275097236641386e+01
8.125022757637663062e+01
4.717701257063892228e+01
6.578146727094423341e+01
4.852508984590146213e+01
6.494150267481575156e+01
6.500797377825267631e+01
8.871641392658337111e+01
2.781903155987151166e+01
5.882515033954306460e+01
8.176859329673485277e+00
8.246955796975390385e+00
4.451678249150505451e+01
3.792482125829609174e+01
1.435550569028027823e+01
5.286907806268926890e+01
4.389144895180082528e+01
3.127429665653154700e+01
3.793733251443610044e+01
3.646852707274905470e+01
7.211507316343968910e+01
2.163857866894804616e+01
8.766355674700943723e+01
1.273940415412889671e+01
2.870860533979850970e+01
4.089561977716303431e+01
1.011880288558376506e+01
8.092082084811248421e+01
8.261498871716608505e+01
2.880265295568872830e+01
4.581435746001415765e+01
3.215933536468789811e+01
2.378993930556644898e+01
4.703414830051444540e+01
3.573829682930078633e+01
3.483567135037083773e+01
1.623140250287839592e+01
8.621938539235493693e+01
3.418837114730438032e+01
2.164724506208675070e+00
2.781366244055967130e+01
2.448780279876018540e+01
7.702736965045050965e+01
3.033428571227807069e+01
1.402115586253748347e+01
6.349796421087564369e+01
4.267113636681827415e+01
1.740370120767493489e+01
5.497443724866250392e+01
2.887511493976329291e+01
5.615748763798097798e+01
8.323832230265546173e+01
5.300932052336959188e+00
8.333510988904068029e+01
5.010590029597211981e+01
8.646895192304451427e+01
5.059813438380998463e+01
5.618285111209875282e-02
3.990292422701757147e+01
2.191284756907403874e+01
8.820000423993431582e+01
3.423287373613472084e+01
6.086512759165201913e+01
8.789912021589529445e+01
2.846102456435929895e+01
1.423835474806866053e+01
6.531691984627897796e+01
4.273033180922284657e+01
5.490319131499747130e+01
7.605778621700574149e+01
3.718065309848395117e+01
1.994929627612161127e+01
6.754300845545321863e+01
5.826125625016101850e+01
5.489125210204463201e+01
7.102210612748861251e+01
2.868177657416191195e+01
4.636369430623722820e+01
1.802602240864569438e+01
2.078985998263098978e+01
6.373606176388647526e+01
7.157625754329281165e+01
3.998108573910799635e+01
5.909781850476183251e+01
2.902019285574096585e+01
9.805470208147514910e+00
2.867160660194879185e+01
3.919303200131394505e+01
4.104900883944315382e+01
8.910189305275318361e+01
2.676210865465929345e+01
2.439732111457352914e+01
4.497885490717755630e+01
3.439865887207880490e+01
2.403508259959876625e+01
5.643142658728974226e+01
1.215620173497158873e+01
6.957785033648903550e+01
3.443751525113147238e+01
2.196640755115744081e+00
6.385519872161636101e+01
6.508213398712148035e+01
4.234945343566318599e+01
4.135863648317877050e+01
8.186479706117137312e+01
6.924188346272983097e+01
8.189601715779936342e+01
5.292455042508976248e+01
3.390805928306606987e+00
8.851940443984811679e+01
4.199903457055316380e+01
7.767371357497515305e+01
7.361983479181905210e+00
3.675271577605798967e+01
3.176977246626607254e+01
2.585274651885351105e+01
1.099127753425270093e+01
3.438193980053211085e+00
2.344726258561905752e+01
8.514190748404608655e+01
2.946793542483596084e+01
3.141259835102070141e+01
3.914227767491956200e+01
8.014659603024274759e+01
8.391923855669007537e+01
8.595344907181029726e+01
7.720341494160135376e+00
3.172900444821572741e+00
6.439953467789009345e+00
2.461338804593196983e+01
1.411257077021997119e+01
8.473022949787279856e+01
7.960895282538444029e+00
7.267319200537964718e+01
8.785057071794724948e+01
6.680687807870495654e+00
2.424302213575277776e+01
6.822227081918725844e+01
7.215921702193321607e+01
3.625776451176921711e+01
2.317125712984982044e+01
1.859959581662742778e+01
6.803033867768377263e+01
3.517977309000585251e+01
2.662679426009899331e+01
2.181024356651850127e+01
3.713108669532898176e+01
7.505231788974801077e+01
3.893245261432297433e+00
3.841565030237811484e+00
2.936662936670776602e+01
7.119790522850894376e+01
7.160225850194788677e+01
6.903516672534193788e+01
2.280986666558674436e+00
8.140917227629508091e+00
5.242252788722274914e+01
6.346931838371892809e+01
6.122809992405110791e+01
4.694878146724836654e+01
7.963462453581614398e+01
2.537248270392916893e+01
3.528093898483068358e+01
5.873128246993021406e+01
6.684939078076838825e+01
2.588797437976436910e+01
1.664834587889646400e+01
6.916192380450424082e+01
6.285478928214693894e+01
8.143813525923422958e+01
5.305124218640003875e+01
2.236004977737049870e+01
7.096235458085672576e+01
1.276734828212358686e+01
3.805084779964937525e+01
7.198571799803677607e+01
7.202056882286593975e+01
5.897900816025761372e+01
5.321940105141364796e+01
7.105912705020540443e+01
6.623066658600647827e+01
4.263615753258865482e+01
7.179031117611586410e+00
4.104729440381074568e+01
3.393692322697545904e+01
2.270368203413423203e+01
7.176535679524697287e+00
6.637330470067277588e+01
7.692121131194707573e+01
4.734694471025969165e+01
2.472564219186175549e+01
4.416616933135669854e+01
7.966635424259384024e+01
1.011525453829044352e+01
4.459835449356059911e+01
6.377435324895530044e+01
2.744556798753543703e+01
5.458604463058949108e+01
5.231708380444247553e+01
8.178726229583384111e+01
4.098575203762826646e+01
5.034939128643244288e+01
8.048514245801808187e+00
8.470357979902190948e+01
5.279153974080333001e+01
1.975451299977849118e+01
3.125612187186438717e+01
6.226163463121055486e+01
3.566785993289415302e+01
2.952176062178250149e+01
4.631553328389120594e+00
6.777428867434402093e+01
7.629107228453293033e+01
1.529120275256616068e+01
7.939782155076407832e+00
2.786625211543686831e+01
8.482472083674369401e+01
1.489197413895081645e+01
3.876683506425814585e+01
8.511450052116266818e+00
5.250110689742859904e+01
5.161222699400786240e+01
5.092802639501916673e+01
2.436085603134746336e+01
1.734710928142833097e+01
2.640545210761637662e+01
3.701350292942006348e+01
3.118390140581484005e+00
4.839287577747944624e+01
1.803017052400400999e+01
3.938399833402822026e+01
5.017424376201771707e+01
6.192453460554519040e+01
6.921604677513707671e+00
8.437709190052848385e+01
7.321333567907353768e+01
8.935551545788663930e+01
5.686535924358666705e+01
6.795894106014906733e+00
7.247925982565466541e+01
4.222505098908514753e+01
2.254304602469923324e+01
1.866512250257616756e+01
5.294689053766086317e+01
3.672090053033374346e+01
4.497915663368202921e+00
6.099151564229418909e+01
4.025268936843646372e+01
4.865945259404622192e+01
4.961899961679375082e+01
4.859448672080147702e+01
8.152973714202222766e+01
8.730162979220928321e+01
5.773620122530874710e+01
5.043671182291673460e+01
3.197145241282963468e+01
1.451478742861618088e+01
1.247058805441784912e+01
6.528928260296538610e+01
4.119415693566244130e+01
3.261153360791884381e+01
7.731663132527177851e-01
3.395018236601376316e+01
1.908933450449170266e+01
1.735078745702573855e+01
2.202648524727237600e+00
4.490899505898901367e+01
1.726204080567624644e+01
5.164815983753326378e+01
6.145450290617691991e+00
1.336962876145974022e+01
7.831755016345393017e+01
4.424146814170715203e+01
7.798331238973983659e+01
7.036394114888564388e+01
5.032312126041645683e+01
7.747828308328514879e+01
4.903209157369190763e+01
2.392395029917310367e+01
2.964881211293509722e+01
8.335384055553481630e+01
4.415514850354593079e+01
6.193811291182437628e+01
6.865247167713204135e+01
5.424848579134911830e+01
6.716801703353677055e+01
5.102794147342786601e+01
2.043284612316300652e+01
6.892852300081155192e+01
3.571956394700592341e+01
