7.425079664590556661e+01
5.348946430215396930e+01
5.371667692939639949e+01
4.666334270874559564e+01
3.716672750150591753e+01
6.696182665905364217e+01
5.935369222217739349e+01
5.257722522635008744e+01
6.188269225281900532e+01
7.319700092235071054e+01
4.480739994414790317e+01
7.263862561877311919e+01
7.167872585490723480e+00
7.262054651403084904e+01
7.026849491751414689e+01
2.873858875908286592e+01
5.836241272665946411e+01
2.518544525970646930e+01
8.808951123217644863e+01
4.585799256363664966e+01
8.195417556659350566e+01
4.015374246990301543e+00
2.688161500088354217e+01
7.878164087190620535e+01
6.260766639823847868e+01
1.864868612096610700e+00
1.746389786011119583e+01
4.581850200392113770e+00
1.184456370478830234e+00
8.097335752271983722e+01
8.937174326962966120e+01
6.506761466912297465e+01
6.372801489123695262e+01
4.737677479690616167e+01
5.624126287187950624e+01
8.369024084917997186e+01
7.060379144596241474e+01
1.491734522508315308e+01
6.996536289350471804e+01
7.492941202095691722e+01
3.067679716967834480e+01
3.632846702714287090e+01
4.962370960829840527e+01
7.270070488469005454e+01
8.600624485145308995e+01
6.411284615135218701e+01
6.191001123103313120e+01
6.564938977709589096e+01
4.741689731726560808e+01
6.830358000902619153e+01
3.370259305423029161e+01
2.697510106050674494e+01
3.590320211658713134e+01
3.000751175835427276e+01
6.672167418006333151e+01
5.077891584490534882e+01
1.113507382393723866e+01
5.610561632932624576e+01
7.202034259724415222e+01
6.237717125380007133e+01
5.418767437962988254e+01
5.717954505266996534e+01
5.306254567302937630e+01
5.503272409076165417e+01
7.266434815965691030e+01
5.755824826654102822e+01
4.526704178599067063e+01
1.078700142672161455e+01
2.507638276287210743e+01
1.753749648497305458e+01
5.409427875694150600e+01
4.144111848716596569e+01
4.682313072456010872e+01
4.313111347735296874e+01
4.976378658052383486e+01
4.568702960172274885e+01
3.536335204563043533e+01
4.773832504666994225e+01
5.802943457519354808e+01
1.303521477067240930e+01
8.280723786993243607e+01
3.473174014112741759e+01
8.506272051472668849e+00
4.260043374714923203e+01
1.492488182628930815e+01
4.308125219439276066e+01
2.336129058830507432e+01
3.288646254758134546e+01
6.522752673959669956e+00
1.189686104701149638e+01
7.737830241188621017e+01
5.715410498325825017e+01
8.382628567981582535e+01
1.017969660310537705e+01
7.779231913340295534e+01
2.165288495639654442e+01
5.522145831280646178e+01
5.473570749241890354e+01
7.257224122610261929e+01
8.742749691387116684e+01
8.316232173525969529e+01
4.613229312582115682e+01
3.689784878878673169e+01
5.580965974112064742e+00
1.173624913835745076e+01
4.082514978298399910e+01
1.108369929138420318e+01
2.064443416651153385e+01
3.924126044394569135e+01
3.315342186732448937e+01
8.008884765079372414e+01
8.864300779362893934e+01
3.068789833422696489e+01
6.316470932487239054e+01
6.959432918472704444e+01
5.624399585705389626e+01
4.888432541776900564e+01
7.555465153800051681e+00
8.143524530017556629e+01
1.439780072775315567e+01
1.972747616219371336e+00
8.032307620929343273e+01
8.882413210635976952e+01
2.061362801186050220e+01
1.476632501127918218e+01
8.750904338524394177e+01
5.800071747767089647e+01
6.611670747317188557e+01
7.163728806770637902e+01
8.806245512327380709e+01
1.317283015257944001e+00
6.969998301652979933e+01
7.952837969306304444e+01
6.087231620500677565e+01
3.343339257440052847e+01
2.041280733353320542e+01
2.599408850557231077e+01
8.958120674498069036e+01
7.608998562996346493e+01
6.162123277580409564e+01
8.919105522353342508e+01
4.507475394949708658e+01
2.337429493706451211e+01
1.550748457591524421e+01
1.143519188932630115e+01
2.732628609295576894e+01
4.385858772702395214e+01
1.466452008341566682e+01
6.829943639360379848e+01
7.288450404984693876e+01
3.009787287421320912e+01
2.271014501273186781e+01
6.425929942571291065e+01
8.363161877977159975e+01
8.873459435536983619e+01
5.905850312220561449e+01
8.900198296922613395e+01
4.746111891748703471e+01
1.330881900760900471e+01
4.175658624595214974e+00
8.062423293484172859e+01
1.466197129841924784e+01
5.513526768417425927e+01
2.870038991553653673e+01
8.555011389747463113e+01
3.260825589605643415e+01
5.504552270666164304e+01
4.855769328885676828e+01
7.264289229643708268e+01
2.216789178998969234e+01
5.849071827406847746e+01
5.151541933900607440e+00
5.360687732586885801e+01
6.187023888036724628e+01
2.318685493886162163e+01
5.179413631229216719e+01
7.581024754217850159e+00
2.615678532537456036e+01
8.320405311852617558e+01
1.599842795118641803e+01
2.686545150405807991e+00
8.504047584457647702e+01
4.564604392447375147e+01
4.858476130301178841e+01
8.802046107128346364e+01
8.256385688612409979e+01
4.455911857230938011e+01
7.658737426898758827e+01
6.143655630388807509e+01
1.561456270368935684e+01
3.914342585231928950e+01
6.306711716977028459e+01
7.468076899732473350e+01
7.616816493387813125e+01
2.525994535297853716e+01
4.780280235752405105e+01
8.748552238551825155e+01
7.020967376785263170e+00
5.523148470668761689e+01
8.181994666257547522e+01
8.820014350776146728e+01
2.850342561271132169e+01
3.203557810544783990e+01
3.848898632800416664e+01
1.200691361975381710e+01
4.704629481827674908e+01
2.260945607312407191e+01
2.616569388199656032e+01
8.588151637953082229e+01
1.672570134304722345e+01
6.374735682113489332e+01
4.204504622778332390e+01
1.760004103626452121e+01
8.645981435141523264e+01
3.509661378398627107e+01
6.152643848508651558e+01
6.889619840582072641e+01
4.709844401795861302e+01
1.717330240067780167e+01
2.391241554870428487e+01
3.241661338676905757e+01
6.562033065684838107e+01
6.242711818619336128e+01
5.149471514982263898e+01
1.328684932807849606e+01
6.333880539376794516e+00
3.577656011806784875e+01
7.364214843739731009e+01
3.131962604282343321e+01
8.677463061158087498e+01
2.529159549198197254e+01
1.029741765401578357e+00
6.684146192570166534e+01
7.983080040275950751e+01
3.826088251755154346e+01
1.049064764346213652e+00
1.542476223947345559e+01
7.285624575218554355e+01
8.698003930439102760e+01
6.866823541496121663e+01
6.009412530445217726e+01
1.133646231398666693e+01
5.096718708108830498e+01
3.597227340406885077e+01
9.163847751647157480e+00
8.749651804933466792e+01
1.941769074628914282e+01
5.392197764175514152e+01
2.798639115309730130e+01
2.685521691273699574e+01
2.338195865706672549e+01
6.287016469396668583e+01
8.863496001087919751e+01
2.288318942878154161e+01
8.108053080712873850e+01
3.579926985594924815e+01
3.657915146312796573e+00
6.695988385362214501e+01
7.603831800280228492e+01
2.533240752300272192e+01
2.031253233253013946e+01
3.098181800496112359e+01
7.157530514789195308e+01
6.207455374841400442e+01
4.353955549596348895e+00
8.343543457262109087e+01
7.727175615557503363e+01
1.598670082336673026e+01
7.808254317791367782e+01
8.327227051473828112e+01
4.059257480948956243e+01
6.937494057384934365e+01
3.570343709595265835e+01
7.217604524935579491e+01
5.899855557172431020e+01
4.407199598406172214e+01
8.473978171738933440e+01
7.831932655041318014e+01
3.750531380611295162e+01
6.675670443838728829e+01
6.521129727309826762e+01
7.012419588824762684e+01
5.280816927305124864e+01
5.323249976642448900e+01
8.122808412896885955e+01
5.971588898921378075e+01
3.604363448018290939e+01
3.662305944273027336e+01
3.099493686523812741e+01
7.516034077119840617e+01
4.638715800891667129e+01
4.695702269278997676e+01
5.213052387834228085e+01
6.876400251872777858e+01
2.225092865726578850e+01
1.873136762604500305e+01
5.375036793280923320e+00
5.366716415240034621e+01
2.507381937993660870e+01
6.287819942232449932e+01
2.364278353074753980e+01
2.207922469958396761e+01
1.222514511649057667e+00
3.741023425240332045e+01
5.525583865724933474e+01
6.934069049962887732e+01
5.481056931451323067e+01
1.508260815692440460e+01
3.708309080551740777e+01
8.685958053734219675e+01
8.360873257425477334e+01
1.917523260893862869e+01
5.752580537259570548e+01
5.800080234786233291e+01
6.434609537893851439e+01
8.408654617555848176e+01
4.077622086588398531e+01
5.687004597466173550e+01
1.810710669859427746e+00
4.162829405551566886e+00
2.682560706539079121e+01
6.314244006841907009e+01
1.591339185316705773e+01
5.156058591739404307e+01
1.578118478790982060e+01
5.968627785049050516e+01
6.710657736814336261e+01
7.420765124454642425e-01
1.259827557190074643e+01
8.596403773707648099e+01
8.689322242150770137e+01
7.279065056949740153e+01
3.813185065741478041e+01
7.836205162796402135e+01
1.949505638667286789e+01
4.490791786725121426e+01
3.103480491233111138e+01
3.253056391987398044e+00
8.161959181080889891e+01
5.975146202411879415e+01
6.263450776075308113e+01
5.034913022438329477e+01
4.526234429757708710e+01
6.550969691185876798e+01
7.299705627902477545e+01
1.969643296163892643e+01
7.947008330382772101e+01
5.882959073082158596e+01
5.835898078874885897e+01
5.548999747705041585e+01
8.585199980231774930e+01
1.536707126907111842e+01
8.562135864269022534e+01
3.820137474949705592e+01
9.699075919376365817e+00
4.080507969772082788e+01
8.602646187210031314e+01
4.771571415268671501e+01
8.303059047409936966e+01
5.544287589874371491e+01
4.088910078487004540e+01
4.804137204366963232e+01
2.638169645136055763e+01
5.899414584997030175e+01
1.300013718662399453e+00
3.546597864985270121e+01
6.939533913320094882e+01
7.614375366752867080e+01
2.392391196254547836e+01
1.159586819273842329e+00
1.848244823937117687e+01
2.676240342847624021e+01
3.977403285177044978e+01
1.417384961720563297e+01
1.926046008282849087e+01
7.333023083176172463e+01
4.412954598475337065e+01
4.343901372481619916e+01
7.391014686494845876e+01
4.975519431804973891e+01
8.125965631044876147e+01
5.121197570382583564e+01
6.893171380543260796e+01
1.158342109919224860e+01
7.185496695211828211e+00
6.495716218540145803e+01
5.445093496844872050e+01
7.420738445995168320e+01
2.056024713988034947e+01
8.201098622230081503e+01
6.677432448193009407e+01
7.191347490166086232e+01
8.424648604837484811e+01
6.772227563525900962e+01
3.237651958243687744e+01
7.487622293842363774e+01
7.150072412168717051e+01
2.621860431123462831e+01
7.019405163810273507e+01
3.737149474992681064e+01
7.089052262873343579e+01
4.161138645075590858e+01
4.252837280727142399e+01
6.315776091478238641e+01
4.326575133150522845e+01
7.192249617287416186e+01
2.779026664734799468e+01
7.703141989024152281e+01
8.454447090451620284e+01
4.377686111235736632e+01
8.703164432341696966e+01
5.287097171494917092e+01
5.224904221811383564e+01
2.754777714943059763e+01
4.262042706159115824e+01
6.729965568500524853e+01
7.766615781827883325e+01
3.528896394370549672e+01
8.149727149627247513e+01
7.880094623540014709e+01
3.242712603173348640e+01
3.374786636517325178e+01
1.626717456526572647e+01
3.267246963117014502e+01
3.706349014651853224e+01
4.171110725833671040e+01
8.874522919769137985e+00
5.449629172125944621e+01
1.279992808103471980e+01
2.028987343630358708e+01
1.274711973485176841e+01
3.772498936790000101e+01
3.011649523263082884e+01
6.659044919495647719e+01
8.400754138116177216e+01
3.043238112648229077e+01
8.891589471206893336e+01
7.334735109916965712e+01
4.963434580782232786e+01
3.087983964523700564e+01
2.727019411523767811e-01
4.197050435954123770e+01
2.787145969305171889e+01
6.110104758537795533e+01
2.926478572972065351e+01
4.950892454864364112e+01
2.187922855896050578e+01
7.557890086555767084e+01
2.175660262862574079e+00
7.845341455078064996e+01
3.094683708725944626e+01
8.303095322894708374e+01
6.804398863455239166e+01
1.458537648506314000e+01
1.933825752379211949e+01
3.355172940383948088e+01
4.099879875078635649e+01
3.469450906021685199e+01
7.349653293097672702e+01
2.706341087352545927e+01
1.944465885286968643e+01
7.664634558350920202e+01
7.632394645512657405e+01
4.692700559406208072e+01
3.161360967192557325e+01
5.346931294716741689e+01
6.826329532969086245e+01
6.695289630361003219e+01
8.069563196667434113e+01
3.179907378384971839e+00
2.526248647317475360e+01
3.823083045461486762e+01
6.549166585138668495e+01
8.408651152643103899e+01
7.656610235547919530e+00
8.973451286582614728e+01
6.191279863832267694e+01
4.179107211085064222e+01
3.908003567166567649e+01
4.494196760601136731e+01
2.094571325580922050e+01
5.561661145065528444e+01
5.812880386407869793e+01
5.040987731546081108e+01
2.413131721389747142e+01
4.222924950351561080e+01
3.358689734874291677e+00
2.687094546394524741e+01
6.658504186492089083e+00
6.960851148576917069e+01
6.449453829592208365e+00
4.045884179979432105e+01
5.971469938454748494e+00
5.703202601765099189e+01
2.410689188818330564e+01
3.296042477278431448e+01
3.989712775885303842e+01
2.809684655207706783e+01
4.106334973511000896e+01
1.239283720193662397e+00
2.545881003234302398e+01
3.807548488873460091e+00
1.651460810464257278e+01
2.396233782710528715e+01
5.080269458433592789e+00
4.488045984311060010e+01
7.395157836855476319e+01
1.557457125377846019e+01
3.554134361039360357e+01
3.126262675882587772e+01
3.336738766931176770e+01
6.776892155692091535e+01
7.194430314327912868e+01
8.849453906626065702e+01
6.423843235619231962e+01
1.960254778913608220e+01
2.135499797924824694e+00
6.655471175721856980e+01
3.116294713455292964e+01
7.416828537810336286e+01
1.090376919202224215e+01
7.594793256452821595e+01
3.222582566969595774e+01
2.218438508925333341e+00
5.474458818106538871e+01
8.550332114678707285e+01
9.444802720645153471e+00
1.964778961927925849e+01
1.811952286153513469e+01
6.359136419872145041e+01
6.925988136363581305e+01
2.632639761961859648e+01
5.105616781367810830e+01
8.405163895662954587e+01
4.407910719031048785e+01
5.077820757638654214e+01
4.470142207331732465e+01
1.661001799013455482e+01
7.015293528338577289e+01
6.427176982111252812e+01
7.048890609575737187e+01
7.046459342408084581e+01
3.915913843823487639e+01
3.236330927860846174e+01
2.432737506449271336e+01
5.219604540041130747e+01
2.422684865402175447e+01
5.940929308008910681e+01
7.078200896985875090e+01
3.189611435623085001e+01
6.412969952544879959e+01
6.818310081358910679e+01
2.859715349571717269e+01
1.639725612895295281e+00
6.017570517357197168e+00
6.337882401251517450e+01
1.626898795654273533e+00
3.282953607723401745e+01
6.827122636505613684e+01
4.380069989945955911e+01
3.949413801259677115e+01
7.495937288615215266e+01
5.815089761843086791e+01
4.271769868282506266e+00
5.443289058987811302e+01
6.061433528066571341e+01
4.670049159504869607e+01
8.745185807018029323e+01
3.483273047811166379e+01
4.245427613254175014e+01
6.363828254287479780e+01
6.237609653642740426e+01
4.005449715614926731e+01
3.985986944382304387e+01
3.742875064418947773e+01
1.892343239381820652e+01
7.720300299967821900e+01
1.470916407022320627e+01
5.678385272862730204e+01
3.002290187008153310e+01
7.519065767743032325e+01
6.595840727922669622e+00
7.356225946521821157e+00
2.519772131227836809e+01
1.136237977958627354e+00
2.505007221469650247e+01
6.358967961128018231e+01
1.508511204409328776e+01
4.804124026886208298e+01
4.868061183473287201e+01
3.603124032886741190e+01
4.769531537579605640e+01
2.470029646697041770e+01
1.399274632527301954e+01
3.719623601575872840e+01
3.009952523575714878e+01
3.698361959322518544e+01
3.678268001498220485e+01
3.826716859832810513e+01
3.566067066547016218e+00
6.226891209094503665e+01
1.910691855547275253e+01
6.337664793389429008e+01
2.561848225081621422e+01
2.986491612815075314e+01
5.377392132786646073e+01
8.597481299961179957e+01
1.541310096446892963e+01
4.805459701580417686e+01
1.836579044589887388e+01
7.129649245257847667e+01
8.628418286913107238e+01
4.169343322899020166e+01
5.659195219662768039e+01
1.274769341388343769e+01
6.092706837082143068e+01
8.799998694482741257e+01
1.711716626672056663e+01
4.415192441561948300e+01
4.171215130624593570e+01
5.066878523123306621e+01
5.473247121490079792e+01
3.986079472927092127e+01
4.732067526288093973e+01
7.313845624652788047e+01
4.235131052279690778e+01
2.611972047924319185e+01
7.145307869945409607e+01
1.289577785377922403e+01
4.274682741755323256e+00
5.160166409434943802e+01
4.512143611889853645e+01
5.359583146485035599e+01
1.852500849426135243e+00
7.610352178172196602e+01
8.425941181224324339e+00
8.935252942476759586e+01
3.468454080856231769e+01
8.392564622099622795e+01
4.509758097037759939e+01
3.114643628951378318e+01
6.880599432440983776e+01
2.661599113663536187e+00
5.753548248358499251e+01
3.845049715944546875e+01
6.548940524802367236e+01
2.207103505396544918e+01
4.246284874312005542e+01
6.569506505223901627e+01
5.021113737839579727e+01
8.904758873281762988e+01
3.161423596249869661e+01
5.054858119012444462e+01
4.971542962366728347e+01
6.005785416874979177e+01
2.309842036769069651e+01
6.913932936045910083e+01
2.081051498905689812e+01
6.368887139007809139e+01
2.849768873744418585e+01
1.804204316215404225e+00
1.681838547378682591e+01
3.754726181474349289e+01
5.923908048269892390e+01
4.687219815757944730e+01
4.155226141796298833e+01
8.088884664375180478e+01
1.919540977984567576e+01
7.057457860967069507e+00
4.701104811362340818e+00
3.813813536448896713e+01
1.285619940509201875e+01
6.642920189238492412e+01
5.404694556933889515e+01
3.496533986480470446e+01
3.836204569728212732e+01
5.884268745887708008e+01
3.600028978571455696e+01
6.545282093926016387e+01
5.106656360829344976e+01
1.346073333417097828e+01
8.221568504761157214e+01
5.940524853007392636e+01
2.695453502889862563e+01
2.245801174994556249e+01
6.031931504893055518e+01
2.772921896263848396e+01
5.429469358599199325e+01
3.046666579432588051e+01
1.306144016653779261e+01
4.830766179352491463e+01
8.677101363684592172e+01
6.797268332100443899e+00
1.143112875350906066e+01
2.451230350979594874e+01
4.535183321049118632e+01
7.439128843945406189e+00
1.483044570473157364e+01
8.405942508590999296e+01
7.945951391241450779e+01
8.126318515685834853e+00
6.352335568337889526e+01
5.426520231065691036e+00
6.218861438904005468e+01
2.932315678137631565e+01
6.322936308024492469e+00
6.183611790001421582e+01
1.613381682611242374e+00
4.591766503614256578e+01
8.678561019949472666e+01
1.538110374088015142e+01
3.609013586119947092e+01
6.448985680313737134e+01
7.029685384356754696e+01
7.139855506789146489e+00
5.823938735941755596e+01
2.606643874157149554e+01
7.634308991546058110e+01
8.972784012906535622e+01
3.611696914460056007e+01
6.235150493992351528e+01
8.859470153633522216e+01
7.484646144495005160e+01
5.605839304605733986e+01
5.539098017053314749e+01
7.530616087476231257e+01
2.514703016653596279e+01
7.764918253311508067e+01
4.843126326818249794e+01
5.806626957186448834e+01
3.844740535215152022e+00
3.381850499190837667e+01
8.412767258272486970e+01
9.310201200571444957e+00
6.567955678805637909e+00
6.292351734261977469e+01
6.833758315314254617e+01
4.992852604124073679e+01
2.028700700137521906e+01
6.122535127096417540e+01
4.743539214061684106e+01
1.222298883268904390e+01
3.894536886775578921e+01
2.469482660884303726e+01
5.191611330492631282e+01
6.085874942488982953e+01
4.329808911782869529e+00
6.778337043322690825e+00
6.745483911053511861e+01
3.236897716779321854e+01
3.656284905833723542e+01
8.697255485793226626e+01
4.646270893796661028e+01
6.215996485116416892e+01
2.631689147469498380e+01
4.993801032754422664e+01
4.710759517834286214e+01
6.319792224706127826e+01
9.211755724683953872e+00
1.455075569313118677e+01
4.320637995046852353e+01
7.553694304127451176e+01
4.892288839237932763e+01
7.136282654373793832e+01
3.285133878993958945e+01
5.561894182507386830e+01
6.647316371625529996e+01
2.663069286855512807e-01
5.998957026577402019e+01
4.777004284528599953e+01
8.517770278366684522e+01
7.416806493364470043e+01
5.577618147783729086e+01
5.858619629303723997e+01
7.423637643768127248e+01
1.001992490498485999e+01
4.352055557697298127e+01
6.180524512068107157e+01
3.609569893848053823e+01
2.436322575025956993e+01
3.406461778850375310e+01
7.268311661691247139e+01
8.742484525798918327e+00
1.902434824608042163e+01
5.926124832145701049e+01
5.729003337331562307e+01
6.964453046047646367e+00
6.151012215468291799e+01
7.457160425874316267e+00
3.381271409122940241e+01
5.923547978596842789e+00
5.487173687862311056e+01
4.030766965150289138e+01
8.373899826153571269e+01
6.483675948303545056e+01
3.798475164508371194e+00
5.422524012461696685e+01
7.335555036311706090e+01
7.919184983995380378e+01
8.866988456891374426e+01
6.429658328088669350e+01
2.532245978983122114e+01
4.650482866840170004e+01
2.547897862537219282e+01
5.587463516509627226e+01
3.768725206110671877e+01
4.322963298474714833e+01
7.420896674342769472e+01
1.056124499681588702e+01
2.598793815428811627e+01
3.574288880916413547e+01
3.254876641745249088e+01
2.207585395303660647e+01
2.681416378553441859e+01
3.010959666880360430e+01
5.259654389084003157e+01
1.580161739832815115e+01
7.309505933321713655e+01
8.500375279920993421e+01
8.213691700364768167e+01
1.681493097843544149e+01
3.899760878228087790e+01
1.327195965104687758e+01
7.791920190139218505e+01
7.539383160002515183e+01
1.554461828931918710e+01
5.051810557401065438e+01
4.597485127920670323e+01
1.573643239555408435e+01
5.389900532002603484e+01
1.467029409751606295e+01
5.688689058234776041e+01
7.259960611678044984e+01
6.166307121675402669e+01
5.074929800804898861e+01
5.176571600810732576e+01
4.624145506748074297e+01
2.273568012809189653e+01
8.212077290416358366e+00
4.329339559544587956e+01
5.078061722594232208e+01
1.893503524137852168e+01
3.500314678050617800e+01
3.087543641514589154e+01
4.571475960215124701e+01
3.488946922793475380e+01
5.514208426916142258e+01
2.954261567189267623e+01
8.041201314565114444e+01
8.369131505641266244e+01
4.264181247869241531e+01
8.455804115923081099e+01
1.329832377296684420e+01
6.877041522612300639e+01
5.164048207080256958e+01
4.909287844268804690e+01
4.260909225868727646e+01
5.756086836919758554e+01
8.041731360985649246e+01
1.653659607938874387e+01
1.124551668121387138e+01
3.084170327307602122e+01
4.277205162987014830e+01
2.696721645753093810e+01
7.926810786630660743e+01
2.609589822413562032e+01
2.991634205048777417e+00
5.094452861801270416e+01
4.867585383583447367e+01
2.488523744786010283e+01
4.179721892358709567e+01
2.276955059551215754e+01
1.714171784548224053e-01
3.500688865279203554e+01
2.701280628791398897e+01
7.552499810411191561e+01
3.188420828919501560e+01
2.680333741910362022e+01
2.579394301140165524e+01
1.892298075757938136e+01
8.472695466724083246e+01
5.962708621102873963e+01
4.418576881385639155e+01
4.796418601520204561e+01
8.112951514855767243e+01
8.432589771824218872e+01
1.565677850114370706e+01
2.082742486906907775e+00
8.850763287763288645e+01
7.090313453211716421e+01
3.703485271188070982e+01
2.571286070249477618e+01
2.345794910576427306e+00
8.707539568800970642e+01
2.508794695276533204e+01
7.649044484037088409e+01
6.088889364262229975e+01
7.690696020905873809e+01
3.489990470119586519e+01
4.108209335737988077e+00
7.968076831680502892e+01
1.279193645582635774e+01
7.978428881038024656e+01
2.781032911651213624e+01
3.186954017673209183e+00
7.105433454318611730e+00
1.096883709116386640e+01
3.637993040848972015e+01
6.741466231672191611e+01
6.672479960157809842e+01
4.420410589235076770e+01
7.554152196939357111e+01
5.391354815280774915e+01
6.024484967360321974e+01
5.159243737838155397e+01
4.807186390937269493e+01
3.441003503644630257e+01
7.923986845454314221e+01
7.236497736563519823e+01
4.457800412897059061e+01
3.381076190888553867e+01
8.470592900323381969e+01
6.056525144716564313e+01
4.698258024300309899e+01
4.978509792273501233e+01
2.383329018356767648e+01
2.920342022094916601e+01
6.090837261921937085e+01
5.986594245330147146e+01
7.883169106489825140e+01
7.598748164092047830e+01
3.806416696044589543e+01
7.763503996369374249e+01
2.822874192692462358e+01
8.418908328109091599e+01
8.007995381844041560e+01
3.915460646281366763e+01
8.899594138236913921e+00
5.511296441100879129e+00
7.457933732548917760e+01
6.084754437749491984e+00
1.395219362394532325e+01
3.059087882543044046e+01
5.329273309513130386e+01
4.585480600882571167e+01
4.825331145944673494e+01
9.945039172664015936e+00
7.785610554768285851e+01
5.541076491188381681e+01
8.925728402926938543e+01
4.536482456729661550e+01
3.533770788271001351e+01
1.628954934430700163e+01
7.922017642799023918e+01
3.973017200599749543e+01
8.917942129441724930e+00
7.388940955570409130e+01
9.757604204043268670e-01
8.352821344490482147e+01
8.554404948630528338e+01
2.737101102057051261e+00
1.636560976858605088e+01
1.664843273099547716e+01
2.760179483354205843e+01
2.887093670326074957e+01
7.767974026099362561e+01
6.813241278122038125e+01
4.894659466213218479e+01
1.430198486725762130e+01
7.267709116203099029e+01
2.662590525016049625e+01
1.468376221094201028e+01
3.365109351636674972e+01
5.415036162334802583e+01
7.315841081316187910e+01
2.659662919661232650e+01
7.599203485103943478e+01
8.420852567069077921e+00
3.610431291436413659e+01
1.227473425322009870e+00
5.327116327164489462e+01
5.763943284208855999e+01
8.059146416122209189e+01
7.802711557978398105e+01
5.757931185745249536e+01
7.986340749351037971e+01
2.010989171183708280e+01
6.379922654844074259e+01
8.478074046400475083e+01
6.102190607131785072e+00
3.014804592289811680e+01
7.591004610259456342e+01
6.400180050775567508e+01
1.051118308026074644e+01
2.586330793787382021e+01
6.115401883146864037e+01
5.141303725585818540e+01
5.723991578269725977e+01
8.363692116543688826e+01
4.366115677876069157e+01
5.127074289443569910e+01
2.232324590801016484e+01
4.853561884241290159e+01
5.744248665964178002e+01
2.450578583626770524e+01
2.129862536305971688e+01
1.342825432896194116e+01
7.798601559116164594e+01
5.083023072155627631e+01
5.849678134713007438e+01
7.635037085085787112e+01
1.548486034432092495e+01
8.892840574164480927e+01
1.282790117133307639e+01
4.616414311478936128e+01
1.562524983320990479e+01
9.209306858131663276e+00
1.592207548272200412e+01
6.910109630072649622e+01
7.170208230925160819e+01
1.444209087160971450e+01
4.168376212989796414e+01
7.236217181332879989e+01
7.005733033403882359e+01
